20 0.006832199999998068 3200
30 0.0016243999999971948 7200
50 0.0003817999999995436 20000
100 0.0007956999999976233 80000
110 0.0008365999999995211 96800
120 0.0009040999999996302 115200
140 0.0013015999999979044 156800
160 0.002218799999994303 204800
180 0.0031943999999981543 259200
200 0.00236420000000237 320000
500 0.02219559999999632 2000000
800 0.04914899999999989 5120000
1000 0.09522989999999965 8000000
1100 0.13050690000000031 9680000
1200 0.1527784999999966 11520000
1300 0.18505179999999655 13520000
1500 0.2591538 18000000
2000 1.2736544999999992 32000000
3000 2.3388828000000004 72000000
4000 4.449588900000002 128000000
