20 0.01769170000000031 6400
30 0.00036360000000001946 14400
50 0.00147169999999619 40000
100 0.0053582999999974845 160000
110 0.0011420999999955939 193600
120 0.005370999999996684 230400
140 0.001316899999999066 313600
160 0.0016419999999968127 409600
180 0.002413399999994681 518400
200 0.0025584000000051788 640000
500 0.015581300000000908 4000000
800 0.05811880000000258 10240000
1000 0.10736090000000331 16000000
1100 0.1064546000000064 19360000
1200 0.14584099999999722 23040000
1300 0.21170610000000067 27040000
1500 0.2787269999999964 36000000
2000 0.7164254999999997 64000000
3000 2.137823300000001 144000000
4000 5.208499699999997 256000000
