20 0.01833129999999983 6400
30 0.0017228999999971961 14400
50 0.0004004999999978054 40000
100 0.0007507999999987192 160000
110 0.0008893999999983748 193600
120 0.0017621000000005438 230400
140 0.0013088000000038846 313600
160 0.001984600000000114 409600
180 0.004815600000000586 518400
200 0.0032466000000042072 640000
500 0.015347500000004288 4000000
800 0.11566830000000294 10240000
1000 0.10890959999999694 16000000
1100 0.11775509999999656 19360000
1200 0.16465830000000636 23040000
1300 0.19781500000000563 27040000
1500 0.33136340000000075 36000000
2000 0.6972658999999979 64000000
3000 2.1378597 144000000
4000 4.754131599999994 256000000
