20 0.007235500000000172 3200
30 0.00028840000000229793 7200
50 0.0028132999999996855 20000
100 0.013229099999996663 80000
110 0.0021577999999990993 96800
120 0.027825599999999895 115200
140 0.0016499000000038677 156800
160 0.013020000000004472 204800
180 0.0032861000000039553 259200
200 0.04843749999999858 320000
500 0.02599949999999751 2000000
800 0.08562090000000211 5120000
1000 0.18822260000000313 8000000
1100 0.19256450000000314 9680000
1200 0.15653599999999557 11520000
1300 0.18250309999999814 13520000
1500 0.4321920000000006 18000000
2000 0.7991756999999993 32000000
3000 2.1702146999999954 72000000
4000 4.465072900000003 128000000
