20 0.02079570000000075 6400
30 0.0012088999999999572 14400
50 0.012250500000000386 40000
100 0.005760900000000291 160000
110 0.0011060999999994436 193600
120 0.003939900000000662 230400
140 0.001486900000001512 313600
160 0.0026182999999999623 409600
180 0.0037365000000004756 518400
200 0.0026967999999989445 640000
500 0.01799190000000017 4000000
800 0.06669510000000045 10240000
1000 0.09869760000000127 16000000
1100 0.11733229999999928 19360000
1200 0.14512519999999896 23040000
1300 0.18456090000000103 27040000
1500 0.30353590000000175 36000000
2000 0.6406156000000003 64000000
3000 2.0469943000000015 144000000
4000 4.171337100000001 256000000
