20 0.018046200000000567 6400
30 0.0003079000000099086 14400
50 0.0005245999999914375 40000
100 0.0008401999999989584 160000
110 0.0010683999999940852 193600
120 0.002726800000004914 230400
140 0.001947599999994054 313600
160 0.0020509000000004107 409600
180 0.0020252999999996746 518400
200 0.0035067000000026383 640000
500 0.021558800000008205 4000000
800 0.0633305000000064 10240000
1000 0.10569599999999468 16000000
1100 0.26003830000000505 19360000
1200 0.2655630000000002 23040000
1300 0.30953850000000216 27040000
1500 0.48702830000000574 36000000
2000 0.8873582999999883 64000000
3000 2.269459800000007 144000000
4000 4.5031390999999985 256000000
