20 0.002749200000000007 3200
30 0.0008260999999999963 7200
50 0.005118899999999982 20000
100 0.0015933000000000197 80000
110 0.0013193000000000232 96800
120 0.0023252000000000272 115200
140 0.004027299999999956 156800
160 0.008589500000000028 204800
180 0.007007600000000003 259200
200 0.0029485000000000205 320000
500 0.028107400000000005 2000000
800 0.08321699999999999 5120000
1000 0.22889019999999993 8000000
1100 0.15088959999999996 9680000
1200 0.1917424000000001 11520000
1300 0.2538214999999999 13520000
1500 0.31236259999999993 18000000
2000 0.8047150999999999 32000000
3000 2.0431420999999994 72000000
4000 5.0740297 128000000
