20 0.008510199999989254 3200
30 0.0002948000000060347 7200
50 0.0022638000000085867 20000
100 0.0012627000000122734 80000
110 0.0026002999999974463 96800
120 0.004714399999997454 115200
140 0.002574499999994373 156800
160 0.0034708999999963908 204800
180 0.006352500000005534 259200
200 0.0039918000000085385 320000
500 0.024628300000003378 2000000
800 0.0562066000000101 5120000
1000 0.11780790000000252 8000000
1100 0.15839160000000163 9680000
1200 0.15490880000000118 11520000
1300 0.18779680000000099 13520000
1500 0.45429540000000657 18000000
2000 0.7588270000000108 32000000
3000 2.822732599999995 72000000
4000 5.413441599999999 128000000
