20 0.01588010000000395 6400
30 0.0005392999999997983 14400
50 0.0008510999999984392 40000
100 0.00306389999999368 160000
110 0.0009833000000014636 193600
120 0.0012844999999970241 230400
140 0.0013183000000012157 313600
160 0.0019665000000017585 409600
180 0.00432750000000226 518400
200 0.002543500000001586 640000
500 0.015873499999997875 4000000
800 0.05655709999999914 10240000
1000 0.09031769999999995 16000000
1100 0.12842230000000399 19360000
1200 0.15776549999999645 23040000
1300 0.18034650000000596 27040000
1500 0.2672959000000006 36000000
2000 0.6749442999999999 64000000
3000 1.9895297999999997 144000000
4000 4.312898000000004 256000000
