20 0.01519840000000272 6400
30 0.0002998000000218326 14400
50 0.0005175000000008367 40000
100 0.0011968000000024404 160000
110 0.0022232000000030894 193600
120 0.00322620000000029 230400
140 0.0026434000000108426 313600
160 0.004857099999981074 409600
180 0.002354600000018081 518400
200 0.0033812000000068565 640000
500 0.016773900000004005 4000000
800 0.04886600000000385 10240000
1000 0.08771730000000844 16000000
1100 0.09733629999999494 19360000
1200 0.13478219999998942 23040000
1300 0.17908769999999663 27040000
1500 0.257446299999998 36000000
2000 0.5704046000000176 64000000
3000 1.9411224999999774 144000000
4000 3.9261893999999984 256000000
