20 0.01692380000000071 6400
30 0.00030000000000995897 14400
50 0.00038379999998028325 40000
100 0.0015208000000086486 160000
110 0.0013696000000038566 193600
120 0.0015260000000125729 230400
140 0.0033713999999918087 313600
160 0.0034312999999883687 409600
180 0.004458400000004303 518400
200 0.002833600000002434 640000
500 0.016621900000018286 4000000
800 0.04672590000001264 10240000
1000 0.081761599999993 16000000
1100 0.10571600000000103 19360000
1200 0.12584979999999746 23040000
1300 0.18370530000001395 27040000
1500 0.2474552999999844 36000000
2000 0.5563118999999972 64000000
3000 2.0582066000000054 144000000
4000 4.3708606000000145 256000000
