20 0.020652699999999413 6400
30 0.0003111999999987347 14400
50 0.0004623000000094635 40000
100 0.01159529999998199 160000
110 0.004879899999991721 193600
120 0.002843400000017482 230400
140 0.010325399999999263 313600
160 0.009589200000021947 409600
180 0.007638100000008308 518400
200 0.003132499999992433 640000
500 0.03279209999999466 4000000
800 0.06668149999998718 10240000
1000 0.09480910000002041 16000000
1100 0.30132670000000417 19360000
1200 0.14918109999999274 23040000
1300 0.19516139999998927 27040000
1500 0.2588264000000038 36000000
2000 0.6328398999999933 64000000
3000 2.128877000000017 144000000
4000 4.850491099999999 256000000
