20 0.009373899999999935 3200
30 0.003360200000003033 7200
50 0.00340449999998782 20000
100 0.003513099999992164 80000
110 0.002903299999999831 96800
120 0.004046700000003511 115200
140 0.015530999999995743 156800
160 0.003151500000001306 204800
180 0.005294200000008686 259200
200 0.003290300000003299 320000
500 0.03333170000000507 2000000
800 0.07897330000000125 5120000
1000 0.11115739999999619 8000000
1100 0.11462750000001165 9680000
1200 0.12288750000000448 11520000
1300 0.14963889999999935 13520000
1500 0.19335630000000492 18000000
2000 0.33795240000000604 32000000
3000 1.0692707000000041 72000000
4000 2.5115610000000004 128000000
