20 0.02316820000001485 6400
30 0.0007806000000130098 14400
50 0.0004746999999838408 40000
100 0.0036168999999972584 160000
110 0.005176399999982095 193600
120 0.0025363999999967746 230400
140 0.016078099999987217 313600
160 0.0018306000000052336 409600
180 0.00610260000001972 518400
200 0.003461299999997891 640000
500 0.01971370000001116 4000000
800 0.07021980000001804 10240000
1000 0.08472580000000107 16000000
1100 0.09854980000000069 19360000
1200 0.12590850000000842 23040000
1300 0.17598180000001662 27040000
1500 0.27875530000000026 36000000
2000 0.5496531000000004 64000000
3000 1.920591600000023 144000000
4000 3.877374300000014 256000000
