20 0.019287200000007942 6400
30 0.01296980000000758 14400
50 0.0007718000000096481 40000
100 0.016791900000001192 160000
110 0.002953500000003828 193600
120 0.007493499999995379 230400
140 0.004683099999994056 313600
160 0.00168529999999123 409600
180 0.0028180999999989353 518400
200 0.00874709999999368 640000
500 0.01841530000000091 4000000
800 0.04397209999999063 10240000
1000 0.10497320000000343 16000000
1100 0.11103450000000237 19360000
1200 0.12605489999999975 23040000
1300 0.19688930000000937 27040000
1500 0.22897319999999866 36000000
2000 0.5741116999999889 64000000
3000 2.072627400000002 144000000
4000 4.140603999999996 256000000
