20 0.01036720000000102 2400
30 0.01553909999999803 5400
50 0.0031371000000000038 15000
100 0.030296700000000953 60000
110 0.02526330000000243 72600
120 0.01836460000000173 86400
140 0.005120999999999043 117600
160 0.006018799999999658 153600
180 0.021913900000001263 194400
200 0.022596599999999967 240000
500 0.037139700000000886 1500000
800 0.057107600000001923 3840000
1000 0.07812990000000042 6000000
1100 0.16541210000000106 7260000
1200 0.1343116000000002 8640000
1300 0.1332564999999981 10140000
1500 0.15858719999999948 13500000
2000 0.32561859999999854 24000000
3000 1.0185598999999996 54000000
4000 2.7078617999999963 96000000
