20 0.008767699999992828 3200
30 0.0007329000000027008 7200
50 0.00828459999999609 20000
100 0.008342700000000036 80000
110 0.004525999999998476 96800
120 0.016196699999994735 115200
140 0.03384130000000596 156800
160 0.014824199999992516 204800
180 0.015676299999995535 259200
200 0.022074900000006892 320000
500 0.04845689999999081 2000000
800 0.05428040000001033 5120000
1000 0.0784421999999978 8000000
1100 0.08661410000000558 9680000
1200 0.11904839999999695 11520000
1300 0.12262330000000077 13520000
1500 0.16894050000000504 18000000
2000 0.3984644000000088 32000000
3000 1.0141533000000038 72000000
4000 2.5165219000000008 128000000
