20 0.016571399999975256 6400
30 0.00036399999999048305 14400
50 0.0004408999999725438 40000
100 0.002126399999980322 160000
110 0.001780599999989363 193600
120 0.003687500000012278 230400
140 0.002000400000014224 313600
160 0.0027875999999764645 409600
180 0.004690100000004804 518400
200 0.003138899999981959 640000
500 0.028373400000020865 4000000
800 0.06292849999999817 10240000
1000 0.09224820000000022 16000000
1100 0.10382049999998344 19360000
1200 0.1288756999999805 23040000
1300 0.1571034000000111 27040000
1500 0.2683636000000149 36000000
2000 0.6016610000000071 64000000
3000 1.9677454000000125 144000000
4000 4.364210600000007 256000000
