20 0.007792000000000243 2400
30 0.001200299999999821 5400
50 0.0011172999999997657 15000
100 0.005661599999999822 60000
110 0.003305900000000861 72600
120 0.0021583000000005015 86400
140 0.002529400000000237 117600
160 0.0023287000000005165 153600
180 0.007214699999999574 194400
200 0.009306899999999452 240000
500 0.016509499999999733 1500000
800 0.17182679999999984 3840000
1000 0.7904727000000005 6000000
1100 0.09692110000000032 7260000
1200 0.10534809999999961 8640000
1300 0.12447859999999977 10140000
1500 0.16279080000000068 13500000
2000 0.3953892999999997 24000000
3000 1.0826335 54000000
4000 3.194400999999999 96000000
