20 0.018817699999999604 6400
30 0.000658099999981232 14400
50 0.00044009999999161664 40000
100 0.004353500000007671 160000
110 0.0057247999999958665 193600
120 0.002454499999998916 230400
140 0.006907799999993358 313600
160 0.00443740000000048 409600
180 0.01848109999997405 518400
200 0.006806799999992563 640000
500 0.03385639999999057 4000000
800 0.09089309999998818 10240000
1000 0.09241979999998762 16000000
1100 0.21179730000000063 19360000
1200 0.16329689999997754 23040000
1300 0.2924357999999927 27040000
1500 0.26799520000000143 36000000
2000 0.6727604000000156 64000000
3000 2.0573319000000083 144000000
4000 4.6530381999999975 256000000
