20 0.02166009999999119 6400
30 0.0015570000000195705 14400
50 0.0005263999999840507 40000
100 0.002834100000001172 160000
110 0.014179999999981874 193600
120 0.01982900000001564 230400
140 0.030172800000002553 313600
160 0.010605099999992262 409600
180 0.02146119999997609 518400
200 0.0037582999999870026 640000
500 0.0335283000000004 4000000
800 0.05831240000000548 10240000
1000 0.0978364000000056 16000000
1100 0.12464289999999778 19360000
1200 0.16542689999999993 23040000
1300 0.22714529999998945 27040000
1500 0.2785105000000101 36000000
2000 0.6418739000000073 64000000
3000 2.0480996000000005 144000000
4000 4.376313600000003 256000000
