20 0.009279199999994603 3200
30 0.059074500000008356 7200
50 0.0006590999999929181 20000
100 0.005688800000001493 80000
110 0.0024853999999976395 96800
120 0.02489679999999339 115200
140 0.0036871000000076037 156800
160 0.0037379000000044016 204800
180 0.0031746999999882064 259200
200 0.0032659000000023752 320000
500 0.0143587000000025 2000000
800 0.049157999999991375 5120000
1000 0.060092699999998445 8000000
1100 0.0703971000000081 9680000
1200 0.12698109999999474 11520000
1300 0.12248710000000074 13520000
1500 0.15870820000000663 18000000
2000 0.33782779999999946 32000000
3000 1.0245522999999963 72000000
4000 2.4374176000000034 128000000
