20 0.008049700000000826 3200
30 0.0006189000000063061 7200
50 0.000698499999998603 20000
100 0.0019479000000046653 80000
110 0.004932500000009554 96800
120 0.0022397999999981266 115200
140 0.00938899999999876 156800
160 0.005981299999987755 204800
180 0.004553099999995425 259200
200 0.0045422999999971125 320000
500 0.015487899999996557 2000000
800 0.030964700000012613 5120000
1000 0.054800900000003594 8000000
1100 0.07629310000000089 9680000
1200 0.08378710000000922 11520000
1300 0.09957900000000564 13520000
1500 0.15105210000000113 18000000
2000 0.3630457000000007 32000000
3000 1.0307274999999976 72000000
4000 2.5197835000000026 128000000
