20 0.011680099999999527 2400
30 0.0019865000000010014 5400
50 0.004143400000000241 15000
100 0.008049199999998535 60000
110 0.007436799999998911 72600
120 0.025014600000000442 86400
140 0.00711379999999906 117600
160 0.011950799999999262 153600
180 0.013347099999998946 194400
200 0.004960199999999304 240000
500 0.017551799999999673 1500000
800 0.031003699999999412 3840000
1000 0.05968799999999952 6000000
1100 0.08358420000000066 7260000
1200 0.10114499999999893 8640000
1300 0.12777759999999994 10140000
1500 0.17859530000000134 13500000
2000 0.32135210000000036 24000000
3000 1.5342109000000015 54000000
4000 3.3252176999999996 96000000
