20 0.026219199999999887 6400
30 0.0013400999999930718 14400
50 0.0008961999999996806 40000
100 0.0015692999999998847 160000
110 0.0015369000000049482 193600
120 0.0020693999999963353 230400
140 0.007050100000000725 313600
160 0.003894500000001244 409600
180 0.003219000000001415 518400
200 0.005320199999999886 640000
500 0.01573379999999247 4000000
800 0.048885600000005525 10240000
1000 0.10096960000001332 16000000
1100 0.10598830000000703 19360000
1200 0.1304712999999964 23040000
1300 0.18315849999999045 27040000
1500 0.23709870000000421 36000000
2000 0.5921526999999998 64000000
3000 1.9844156999999996 144000000
4000 4.168882600000003 256000000
