20 0.009131700000011733 3200
30 0.008515500000001452 7200
50 0.000713199999992753 20000
100 0.0016257000000052813 80000
110 0.027813199999997096 96800
120 0.0022731999999905383 115200
140 0.0033104000000037104 156800
160 0.002918900000011604 204800
180 0.02420990000000245 259200
200 0.06703439999999716 320000
500 0.07692939999999737 2000000
800 0.06852139999999451 5120000
1000 0.09363469999999552 8000000
1100 0.1141314000000051 9680000
1200 0.11580769999999063 11520000
1300 0.10161449999999661 13520000
1500 0.14159379999999544 18000000
2000 0.32570470000000284 32000000
3000 0.9507653000000005 72000000
4000 2.407453000000004 128000000
