20 0.017877199999986715 6400
30 0.0016370000000165419 14400
50 0.0013271000000258937 40000
100 0.006716900000014903 160000
110 0.003701299999988805 193600
120 0.0036476000000220665 230400
140 0.00594979999999623 313600
160 0.004192499999987831 409600
180 0.010249399999992193 518400
200 0.0043580999999903725 640000
500 0.030504199999995762 4000000
800 0.07208239999999932 10240000
1000 0.128243800000007 16000000
1100 0.1394820000000152 19360000
1200 0.15392660000000546 23040000
1300 0.18905760000001237 27040000
1500 0.25895479999999793 36000000
2000 0.6358024000000171 64000000
3000 2.028270599999985 144000000
4000 4.714821999999998 256000000
