20 0.014594100000010712 6400
30 0.00029000000000678483 14400
50 0.0004909000000168362 40000
100 0.0025456000000190215 160000
110 0.0019987999999955264 193600
120 0.0022677000000044245 230400
140 0.012270000000000891 313600
160 0.0028604000000029828 409600
180 0.0026596999999810578 518400
200 0.00790010000000052 640000
500 0.019443300000006047 4000000
800 0.04286899999999605 10240000
1000 0.09227199999997993 16000000
1100 0.11051040000000967 19360000
1200 0.20536069999999995 23040000
1300 0.16276390000001584 27040000
1500 0.2352235000000178 36000000
2000 0.5700901000000158 64000000
3000 1.8777967999999987 144000000
4000 4.147221099999996 256000000
