20 0.0010052000000000394 2400
30 0.00429450000000009 5400
50 0.004563900000000065 15000
100 0.011465000000000058 60000
110 0.012674899999999933 72600
120 0.006404399999999977 86400
140 0.019793800000000084 117600
160 0.011191699999999916 153600
180 0.0070325999999999445 194400
200 0.02418140000000002 240000
500 0.05793870000000001 1500000
800 0.09478629999999999 3840000
1000 0.15874309999999991 6000000
1100 0.11571249999999988 7260000
1200 0.1328682000000001 8640000
1300 0.135216 10140000
1500 0.23982539999999997 13500000
2000 0.3422386999999998 24000000
3000 1.3643496000000002 54000000
4000 2.9519102000000004 96000000
