20 0.00885939999999863 2400
30 0.01419469999999734 5400
50 0.008826300000002618 15000
100 0.011942200000000014 60000
110 0.009536100000005376 72600
120 0.0043281999999962295 86400
140 0.0033360999999985097 117600
160 0.004383199999999476 153600
180 0.004115899999995065 194400
200 0.02435609999999855 240000
500 0.03364760000000189 1500000
800 0.07289970000000068 3840000
1000 0.08423839999999672 6000000
1100 0.10414490000000143 7260000
1200 0.15080669999999685 8640000
1300 0.1352265000000017 10140000
1500 0.19853750000000048 13500000
2000 0.3265349999999998 24000000
3000 1.052351900000005 54000000
4000 2.5192068000000063 96000000
