20 0.017145900000002712 6400
30 0.00032439999998246094 14400
50 0.0004581999999970776 40000
100 0.001238400000005413 160000
110 0.0014422999999794683 193600
120 0.0022788999999932003 230400
140 0.0017864999999801512 313600
160 0.0024957999999912772 409600
180 0.0046961000000180775 518400
200 0.0038168000000098345 640000
500 0.019408400000003212 4000000
800 0.047539400000005116 10240000
1000 0.10404500000001349 16000000
1100 0.10481300000000715 19360000
1200 0.17894180000001825 23040000
1300 0.2082149999999956 27040000
1500 0.426965899999999 36000000
2000 0.6399293999999998 64000000
3000 2.25665029999999 144000000
4000 4.406559299999998 256000000
