20 0.001301699999999073 3280
30 0.000889799999981733 7320
50 0.006093600000042443 20200
100 0.007417299999985971 80400
110 0.01235780000001796 97240
120 0.010232400000006692 115680
140 0.012308000000018637 157360
160 0.01806469999996807 205440
180 0.034201199999984055 259920
200 0.04181900000003225 320800
500 0.3577197000000183 2002000
800 1.2915563999999904 5123200
1000 2.4474502999999572 8004000
1100 2.952787199999989 9684400
1200 3.657991500000037 11524800
1300 4.638067400000011 13525200
1500 6.805530899999951 18006000
