20 0.0013232000000016342 3280
30 0.00026380000002745874 7320
50 0.001387099999988095 20200
100 0.0036881000000335007 80400
110 0.004812500000014097 97240
120 0.005193399999996018 115680
140 0.005797499999971478 157360
160 0.008313899999961905 205440
180 0.013248500000031527 259920
200 0.013420599999960814 320800
500 0.05754229999996596 2002000
800 0.14311959999997725 5123200
1000 0.23167790000002242 8004000
1100 0.3117236999999591 9684400
1200 0.38453559999999243 11524800
1300 0.48410980000005566 13525200
1500 0.7216569999999933 18006000
