20 0.005389299849048257 6560.0
30 0.0008403000072576105 14640.0
50 0.0024656599969603123 40400.0
100 0.004992139991372824 160800.0
110 0.005339659983292222 194480.0
120 0.006824439996853471 231360.0
140 0.007335109962150454 314720.0
160 0.01044038999825716 410880.0
180 0.01408016011118889 519840.0
200 0.01443302994593978 641600.0
500 0.06088349036872387 4004000.0
800 0.18206961154937745 10246400.0
1000 0.31789109110832214 16008000.0
1100 0.3971460580825806 19368800.0
1200 0.5076901197433472 23049600.0
1300 0.613300210237503 27050400.0
1500 0.9881422817707062 36012000.0
