20 0.001771700000006149 3280
30 0.0008530999999720734 7320
50 0.001928599999985181 20200
100 0.006565499999965141 80400
110 0.007346900000015921 97240
120 0.007702399999971021 115680
140 0.015160000000037144 157360
160 0.015804199999990942 205440
180 0.021874199999956545 259920
200 0.028324300000008407 320800
500 0.3142066000000341 2002000
800 1.1663482999999815 5123200
1000 2.2355997999999886 8004000
1100 2.8639064999999846 9684400
1200 3.619394800000009 11524800
1300 4.529195100000038 13525200
1500 6.7050608000000125 18006000
