20 0.002337300000021969 6560
30 0.0002795000000332948 14640
50 0.001775400000042282 40400
100 0.005450999999993655 160800
110 0.0049172000000226035 194480
120 0.00545959999999468 231360
140 0.006780499999990752 314720
160 0.012979900000004818 410880
180 0.014338599999973667 519840
200 0.017673100000024533 641600
500 0.0661073999999644 4004000
800 0.18238699999994878 10246400
1000 0.31270760000006703 16008000
1100 0.39433229999997366 19368800
1200 0.49970729999995456 23049600
1300 0.6069949000000179 27050400
1500 0.9607619000000795 36012000
