20 0.002348900000015419 6560
30 0.00026300000001810986 14640
50 0.002581399999940004 40400
100 0.005741299999954208 160800
110 0.005697199999985969 194480
120 0.007705000000100881 231360
140 0.009474500000010266 314720
160 0.011736700000028577 410880
180 0.015406299999995099 519840
200 0.013926700000070014 641600
500 0.057509500000037406 4004000
800 0.17662020000000211 10246400
1000 0.3164530999999897 16008000
1100 0.3902341000000433 19368800
1200 0.497152999999912 23049600
1300 0.6039187000000084 27050400
1500 0.9302776999999196 36012000
