20 0.003252799999927447 6560
30 0.00041509999994104874 14640
50 0.0021520000000236905 40400
100 0.007064899999932095 160800
110 0.011099599999965903 194480
120 0.01185520000001361 231360
140 0.014987799999971685 314720
160 0.015894700000103512 410880
180 0.02094529999999395 519840
200 0.02569129999994857 641600
500 0.2232150999999476 4004000
800 0.9321200000000545 10246400
1000 1.8899004999999534 16008000
1100 2.2858563000000913 19368800
1200 2.954981299999986 23049600
1300 3.7987633000000187 27050400
1500 5.794658199999958 36012000
