20 0.0011543999999616972 3280
30 0.0006774999999947795 7320
50 0.001481699999999364 20200
100 0.003882499999974698 80400
110 0.004404599999986658 97240
120 0.005303900000001249 115680
140 0.005323000000032607 157360
160 0.007127599999989798 205440
180 0.012040799999965657 259920
200 0.012472600000023704 320800
500 0.057270500000015545 2002000
800 0.16298929999999245 5123200
1000 0.296689200000003 8004000
1100 0.3745221000000356 9684400
1200 0.38927609999996093 11524800
1300 0.5101353000000017 13525200
1500 0.6487915000000157 18006000
