20 0.0024586999999201 6560
30 0.0003398999999717489 14640
50 0.003264100000023973 40400
100 0.007512000000019725 160800
110 0.01454779999994571 194480
120 0.00903249999998934 231360
140 0.014621099999999387 314720
160 0.014567999999940184 410880
180 0.01801090000003569 519840
200 0.016096999999945183 641600
500 0.08075880000001234 4004000
800 0.17184830000007878 10246400
1000 0.2928484000000253 16008000
1100 0.368847199999891 19368800
1200 0.46622370000000046 23049600
1300 0.5715851999999586 27050400
1500 0.8343773000000283 36012000
