20 0.0022976000000198837 6560
30 0.0002488000000084867 14640
50 0.00145759999998063 40400
100 0.003914399999985108 160800
110 0.004749600000081955 194480
120 0.005405999999993583 231360
140 0.005441700000005767 314720
160 0.008215299999960735 410880
180 0.011946299999976873 519840
200 0.013298399999939647 641600
500 0.05861760000004779 4004000
800 0.17660100000000511 10246400
1000 0.31478690000005827 16008000
1100 0.38919209999994564 19368800
1200 0.503873100000078 23049600
1300 0.5985800000000836 27050400
1500 0.9330860999999686 36012000
