20 0.002876800000080948 6560
30 0.00032770000007076305 14640
50 0.006995200000005752 40400
100 0.0054737000000386615 160800
110 0.009231799999952273 194480
120 0.01478149999991274 231360
140 0.013224400000012793 314720
160 0.017137299999944844 410880
180 0.015576300000020638 519840
200 0.015150600000083614 641600
500 0.08205129999998917 4004000
800 0.16739669999992657 10246400
1000 0.2958363999999847 16008000
1100 0.37460009999995236 19368800
1200 0.4695517000000109 23049600
1300 0.5711244000000306 27050400
1500 0.8418949999999086 36012000
