20 0.0019590999999650194 3280
30 0.0002620999999862761 7320
50 0.0019034000000033302 20200
100 0.007657300000005307 80400
110 0.007323100000007798 97240
120 0.009634100000027956 115680
140 0.011898400000006859 157360
160 0.016609700000003613 205440
180 0.021943699999951605 259920
200 0.027706899999998313 320800
500 0.31617729999999256 2002000
800 1.1813832000000275 5123200
1000 2.229435799999976 8004000
1100 2.8628942999999936 9684400
1200 3.622959700000024 11524800
1300 4.598006899999973 13525200
1500 6.709660900000017 18006000
