20 0.0034617000000025655 6560
30 0.0003963999999996304 14640
50 0.002283700000020872 40400
100 0.007587700000044606 160800
110 0.008613599999989674 194480
120 0.009737200000017765 231360
140 0.013073399999939284 314720
160 0.015919399999916095 410880
180 0.02105919999996786 519840
200 0.025338900000065223 641600
500 0.2253682000000481 4004000
800 0.8914477999999235 10246400
1000 2.0331472000000304 16008000
1100 2.5076976000000286 19368800
1200 2.9793779000000313 23049600
1300 3.796348899999998 27050400
1500 5.760711799999967 36012000
