20 0.0026828000000023167 6560
30 0.0006502999999611347 14640
50 0.0021082999999180174 40400
100 0.007321899999965353 160800
110 0.00836540000000241 194480
120 0.009717800000089483 231360
140 0.013794399999937923 314720
160 0.015521700000022065 410880
180 0.0206613999999945 519840
200 0.02748369999994793 641600
500 0.23408810000000813 4004000
800 0.89621580000005 10246400
1000 1.7741898000000447 16008000
1100 2.326668400000017 19368800
1200 2.9728121000000556 23049600
1300 3.802632000000017 27050400
1500 5.8069940000000315 36012000
