20 0.0023181000000249696 6560
30 0.00042339999993146193 14640
50 0.0019733999999971275 40400
100 0.007222899999987931 160800
110 0.008825699999988501 194480
120 0.00901910000004591 231360
140 0.013467200000036428 314720
160 0.01563910000004398 410880
180 0.0203223999999409 519840
200 0.027364499999976033 641600
500 0.23031989999992675 4004000
800 0.9008854999999585 10246400
1000 1.733134199999995 16008000
1100 2.350625900000068 19368800
1200 2.956392199999982 23049600
1300 3.838319400000046 27050400
1500 5.774166599999944 36012000
