20 0.0026474000000007436 6560
30 0.0005687000000307307 14640
50 0.003363400000012007 40400
100 0.00526110000009794 160800
110 0.011171700000090823 194480
120 0.00659209999992072 231360
140 0.010689299999967261 314720
160 0.011769200000003366 410880
180 0.01540850000003502 519840
200 0.01633300000003146 641600
500 0.08589360000007673 4004000
800 0.18669679999993605 10246400
1000 0.2931663000000526 16008000
1100 0.37074010000003454 19368800
1200 0.4667309999999816 23049600
1300 0.5695928999999751 27050400
1500 0.8496099999999842 36012000
