20 0.00163950000001023 3280
30 0.0009550000000331238 7320
50 0.0020696999999927357 20200
100 0.007462099999997918 80400
110 0.007387399999970512 97240
120 0.009162600000024668 115680
140 0.011534100000005765 157360
160 0.015274200000021665 205440
180 0.02179519999998547 259920
200 0.027273299999990286 320800
500 0.3725830000000201 2002000
800 1.1992268000000195 5123200
1000 2.2602783000000386 8004000
1100 2.85893939999994 9684400
1200 3.5983369000000494 11524800
1300 4.555861899999968 13525200
1500 6.715306399999918 18006000
