20 0.0024336999999832187 6560
30 0.0002627000000074986 14640
50 0.003256099999930484 40400
100 0.005206299999940711 160800
110 0.0048581999999441905 194480
120 0.006293200000072829 231360
140 0.010488000000009379 314720
160 0.013101099999971666 410880
180 0.0141903999999613 519840
200 0.013835399999948095 641600
500 0.06252000000006319 4004000
800 0.19412839999995413 10246400
1000 0.31161280000003444 16008000
1100 0.40068010000004506 19368800
1200 0.5037227000000257 23049600
1300 0.6079386000000113 27050400
1500 0.9684265000000778 36012000
