20 0.0029544999999870925 6560
30 0.00033829999995305116 14640
50 0.0032753000000411703 40400
100 0.007314599999972415 160800
110 0.010520100000007915 194480
120 0.01294740000003003 231360
140 0.012139999999931206 314720
160 0.012798499999917112 410880
180 0.01679439999998067 519840
200 0.01670930000000226 641600
500 0.08084629999996196 4004000
800 0.18184120000000803 10246400
1000 0.29315909999991163 16008000
1100 0.3686217999999144 19368800
1200 0.4585309999999936 23049600
1300 0.5647985000000517 27050400
1500 0.8831994000000805 36012000
