20 0.0031606599572114647 3280.0
30 0.000458029996661935 7320.0
50 0.0024214099859818814 20200.0
100 0.00449560999404639 80400.0
110 0.004570280015468597 97240.0
120 0.005645319959148765 115680.0
140 0.00591703001409769 157360.0
160 0.008209139946848154 205440.0
180 0.012532829865813255 259920.0
200 0.013259629905223846 320800.0
500 0.05750880017876625 2002000.0
800 0.15714064240455627 5123200.0
1000 0.268328545987606 8004000.0
1100 0.3316564530134201 9684400.0
1200 0.4173979789018631 11524800.0
1300 0.4914801001548767 13525200.0
1500 0.7053841054439545 18006000.0
