20 0.0012463999999998698 3280
30 0.00047530000000017836 7320
50 0.0013773000000001367 20200
100 0.004399299999999773 80400
110 0.004210500000000117 97240
120 0.005242399999999758 115680
140 0.00650050000000002 157360
160 0.007885700000000107 205440
180 0.012475799999999815 259920
200 0.012783800000000234 320800
500 0.0605772 2002000
800 0.17264390000000018 5123200
1000 0.2849835999999999 8004000
1100 0.3181821 9684400
1200 0.4223766999999996 11524800
1300 0.4877465999999995 13525200
1500 0.7086953000000005 18006000
