20 0.0029630000000224754 6560
30 0.0004240000000663713 14640
50 0.0042332999998961895 40400
100 0.00535879999995359 160800
110 0.0074451000000408385 194480
120 0.008106399999974201 231360
140 0.014586099999974067 314720
160 0.0173343000000159 410880
180 0.01851520000002438 519840
200 0.01722899999992933 641600
500 0.08328400000004876 4004000
800 0.17472570000006726 10246400
1000 0.3011885999999322 16008000
1100 0.37254169999994247 19368800
1200 0.4595745999999963 23049600
1300 0.5706567999999379 27050400
1500 0.8427749999999605 36012000
