20 0.002315900000098736 6560
30 0.0002633000000287211 14640
50 0.010046499999930347 40400
100 0.005978400000003603 160800
110 0.005226099999958933 194480
120 0.007783099999983278 231360
140 0.007790300000010575 314720
160 0.012233699999910641 410880
180 0.015748400000006768 519840
200 0.015777200000002267 641600
500 0.06514809999998761 4004000
800 0.17730380000000423 10246400
1000 0.31322480000005726 16008000
1100 0.3907222999999931 19368800
1200 0.49834470000007514 23049600
1300 0.6118611999999075 27050400
1500 0.9750219999999672 36012000
