20 0.001292499999976826 3280
30 0.00025529999999207575 7320
50 0.0025355000000217842 20200
100 0.00373419999999669 80400
110 0.003914199999996981 97240
120 0.005788300000006075 115680
140 0.006720500000028551 157360
160 0.007307200000013836 205440
180 0.012612499999988813 259920
200 0.0125250000000392 320800
500 0.05661010000000033 2002000
800 0.1506358999999975 5123200
1000 0.24817910000001575 8004000
1100 0.33765010000001894 9684400
1200 0.4036823999999797 11524800
1300 0.5135295000000042 13525200
1500 0.6606994999999642 18006000
