20 0.002265400000055706 6560
30 0.001773500000012973 14640
50 0.001572499999952015 40400
100 0.005527299999926072 160800
110 0.004486100000008264 194480
120 0.005895799999962037 231360
140 0.005478100000004815 314720
160 0.008270400000014888 410880
180 0.011925099999984923 519840
200 0.015051999999968757 641600
500 0.06059319999997115 4004000
800 0.1789346000000478 10246400
1000 0.3081128000000035 16008000
1100 0.39081099999998514 19368800
1200 0.516052400000035 23049600
1300 0.6046654000000444 27050400
1500 0.9714053999999805 36012000
