20 0.02754120000000171 3280
30 0.00035760000000095715 7320
50 0.002037600000001305 20200
100 0.0067963999999989255 80400
110 0.006459099999997164 97240
120 0.008065800000000678 115680
140 0.012751300000001464 157360
160 0.01565829999999835 205440
180 0.02134709999999984 259920
200 0.030802599999997682 320800
500 0.3577301999999989 2002000
800 1.2575819000000017 5123200
1000 2.2329174000000016 8004000
1100 3.0203805999999993 9684400
1200 3.680282499999997 11524800
1300 4.632070200000001 13525200
1500 7.0709455000000005 18006000
