20 0.002663500000039676 6560
30 0.00027899999997771374 14640
50 0.0014694999999846914 40400
100 0.004505600000015875 160800
110 0.0060784999999441425 194480
120 0.007823799999982839 231360
140 0.008164699999952063 314720
160 0.012075400000071568 410880
180 0.015604499999994914 519840
200 0.016813200000001416 641600
500 0.06170359999998709 4004000
800 0.19363740000005691 10246400
1000 0.3229527999999391 16008000
1100 0.3904224999999997 19368800
1200 0.5062331999999969 23049600
1300 0.6035263999999643 27050400
1500 0.9825980000000527 36012000
