20 0.0021813000000747707 6560
30 0.0003853999999137159 14640
50 0.0032188999999789303 40400
100 0.004412399999978334 160800
110 0.005355699999995522 194480
120 0.006002999999964231 231360
140 0.006245299999932286 314720
160 0.008963999999991756 410880
180 0.013128700000038407 519840
200 0.013789899999892441 641600
500 0.05919280000000526 4004000
800 0.1820824999999786 10246400
1000 0.31010109999999713 16008000
1100 0.39778929999999946 19368800
1200 0.49486000000001695 23049600
1300 0.6089977999999974 27050400
1500 0.9288623000001053 36012000
