20 0.001652599999999893 3280
30 0.0017878000000024485 7320
50 0.003030200000001315 20200
100 0.00893999999999906 80400
110 0.004215800000000769 97240
120 0.006803200000000231 115680
140 0.005867699999999587 157360
160 0.009199899999998706 205440
180 0.01645770000000013 259920
200 0.016235699999999298 320800
500 0.0622651999999988 2002000
800 0.15334500000000162 5123200
1000 0.2955646000000023 8004000
1100 0.3324232000000009 9684400
1200 0.43921809999999795 11524800
1300 0.5004403999999987 13525200
1500 0.7884098000000002 18006000
