20 0.0014107000000080916 3280
30 0.00042600000000447835 7320
50 0.0018878999999856205 20200
100 0.008322899999996025 80400
110 0.007630099999971662 97240
120 0.008316100000001825 115680
140 0.012961600000039653 157360
160 0.01571030000002338 205440
180 0.0221819999999866 259920
200 0.02709029999999757 320800
500 0.32455199999998285 2002000
800 1.2101693000000182 5123200
1000 2.2522972000000436 8004000
1100 2.9636720999999966 9684400
1200 3.675822700000026 11524800
1300 4.628215699999998 13525200
1500 7.579940800000031 18006000
