20 0.0016581999999516484 6560
30 0.00021460000004935864 14640
50 0.0012375999999676424 40400
100 0.003973300000097879 160800
110 0.004338200000006509 194480
120 0.006139299999972536 231360
140 0.0056111999999757245 314720
160 0.00808289999997669 410880
180 0.012149100000101498 519840
200 0.01425249999999778 641600
500 0.05948810000006688 4004000
800 0.18229039999994257 10246400
1000 0.31218669999998383 16008000
1100 0.3889361999999892 19368800
1200 0.5012474999999768 23049600
1300 0.5997178999999733 27050400
1500 0.9481505999999627 36012000
