20 0.0018073999999614898 6560
30 0.00029110000002674496 14640
50 0.002968300000020463 40400
100 0.0074813999999605585 160800
110 0.00869599999998627 194480
120 0.008859899999947629 231360
140 0.013891399999920395 314720
160 0.015640999999959604 410880
180 0.020292199999971672 519840
200 0.026603300000033414 641600
500 0.23045309999997698 4004000
800 0.8908232999999655 10246400
1000 1.7271123000000443 16008000
1100 2.358433400000081 19368800
1200 2.947187500000041 23049600
1300 3.756722400000058 27050400
1500 5.874621599999955 36012000
