20 0.001291100000003098 3280
30 0.0003647999999998319 7320
50 0.002820299999996223 20200
100 0.006797799999986864 80400
110 0.007106399999997848 97240
120 0.008630399999987048 115680
140 0.012739600000003293 157360
160 0.015756600000003118 205440
180 0.025496500000002698 259920
200 0.02821819999999775 320800
500 0.32644559999999956 2002000
800 1.276009600000009 5123200
1000 2.20523129999998 8004000
1100 3.0724314999999933 9684400
1200 3.7186586999999918 11524800
1300 4.8609617000000185 13525200
1500 7.1152892000000065 18006000
