20 0.0022682999999688036 6560
30 0.0006928000000243628 14640
50 0.0020863999999392036 40400
100 0.007479699999976219 160800
110 0.008059399999979178 194480
120 0.0095042000000376 231360
140 0.013568699999950695 314720
160 0.01584920000004786 410880
180 0.020611100000110127 519840
200 0.025205900000059955 641600
500 0.23636419999991176 4004000
800 0.8960488999999825 10246400
1000 1.7414896000000226 16008000
1100 2.3356026999999813 19368800
1200 2.9661696000000575 23049600
1300 3.776337099999978 27050400
1500 5.760416400000054 36012000
