20 0.002375000000029104 6560
30 0.00034760000005462643 14640
50 0.0015985000000000582 40400
100 0.005359200000043529 160800
110 0.006508099999905426 194480
120 0.006069199999956254 231360
140 0.009035499999981766 314720
160 0.008955200000059449 410880
180 0.011862199999995937 519840
200 0.017352899999991678 641600
500 0.0979567000000543 4004000
800 0.20195720000003803 10246400
1000 0.2906380000000581 16008000
1100 0.3684729999999945 19368800
1200 0.46893230000000585 23049600
1300 0.5651202000000239 27050400
1500 0.8255845999999565 36012000
