20 0.027332299999983434 3280
30 0.0005996000000152435 7320
50 0.00219329999998763 20200
100 0.005269400000003088 80400
110 0.005175000000008367 97240
120 0.0062883999999883144 115680
140 0.007178499999980659 157360
160 0.008398200000016232 205440
180 0.009924299999994446 259920
200 0.011624600000004648 320800
500 0.04708569999999668 2002000
800 0.13230709999999135 5123200
1000 0.19924509999998463 8004000
1100 0.2570757999999955 9684400
1200 0.31671330000000353 11524800
1300 0.38890259999999444 13525200
1500 0.5491936000000237 18006000
