20 0.004203019908163697 3280.0
30 0.0007557699980679899 7320.0
50 0.0023090100032277404 20200.0
100 0.0071635899599641565 80400.0
110 0.007986700115725397 97240.0
120 0.008869959972798824 115680.0
140 0.012396330013871193 157360.0
160 0.015939969941973685 205440.0
180 0.023085670173168184 259920.0
200 0.029057480022311212 320800.0
500 0.3377057731151581 2002000.0
800 1.2262621760368346 5123200.0
1000 2.330969452857971 8004000.0
1100 2.94858295917511 9684400.0
1200 3.7704379081726076 11524800.0
1300 4.642147493362427 13525200.0
1500 6.9494626998901365 18006000.0
