20 0.004624329996295274 6560.0
30 0.000508200004696846 14640.0
50 0.002245560009032488 40400.0
100 0.0074452199973165985 160800.0
110 0.00866023008711636 194480.0
120 0.009563460107892751 231360.0
140 0.0136816400103271 314720.0
160 0.01584872994571924 410880.0
180 0.021801950037479402 519840.0
200 0.027245199866592885 641600.0
500 0.23841198831796645 4004000.0
800 0.9077704071998596 10246400.0
1000 1.7958180785179139 16008000.0
1100 2.355058741569519 19368800.0
1200 2.9673394203186034 23049600.0
1300 3.7921216011047365 27050400.0
1500 5.836177492141724 36012000.0
