20 0.0018847000000050684 6560
30 0.0005988999999999578 14640
50 0.0015098000000079992 40400
100 0.0040643000000955 160800
110 0.0043035999999574415 194480
120 0.006275399999935871 231360
140 0.011130999999977575 314720
160 0.01041880000002493 410880
180 0.017174899999986337 519840
200 0.01705519999995886 641600
500 0.06409389999998893 4004000
800 0.18029360000002725 10246400
1000 0.3136835999999903 16008000
1100 0.3867815999999493 19368800
1200 0.494987300000048 23049600
1300 0.6142955999999913 27050400
1500 1.1903972000000067 36012000
