20 0.0012809199746698142 3280.0
30 0.00031602999952156096 7320.0
50 0.0019340800237841905 20200.0
100 0.004025940014980733 80400.0
110 0.0045595499221235515 97240.0
120 0.00529111004434526 115680.0
140 0.005955309979617596 157360.0
160 0.007615180034190416 205440.0
180 0.012630090117454529 259920.0
200 0.012628539931029081 320800.0
500 0.05576975010335446 2002000.0
800 0.15561179220676422 5123200.0
1000 0.2628130704164505 8004000.0
1100 0.33842396140098574 9684400.0
1200 0.42265955209732053 11524800.0
1300 0.5054183632135392 13525200.0
1500 0.6880989968776703 18006000.0
