20 0.002522899999917172 6560
30 0.0002696999999898253 14640
50 0.0012487000000191983 40400
100 0.0045335999999451815 160800
110 0.004264900000066518 194480
120 0.0074536000000762215 231360
140 0.006680899999992107 314720
160 0.014437499999985448 410880
180 0.01482609999993656 519840
200 0.034589499999924556 641600
500 0.09500869999999395 4004000
800 0.1969665999999961 10246400
1000 0.3159641999999394 16008000
1100 0.39629179999997177 19368800
1200 0.4982517999999345 23049600
1300 0.5988817999999583 27050400
1500 0.9837243999999146 36012000
