20 0.0018291999999746622 6560
30 0.00029229999995550315 14640
50 0.0020706000000245695 40400
100 0.008316599999943719 160800
110 0.007982900000001791 194480
120 0.01003400000001875 231360
140 0.013793200000009165 314720
160 0.01573770000004515 410880
180 0.020174100000076578 519840
200 0.02524499999992713 641600
500 0.23198629999990317 4004000
800 0.8892789999999877 10246400
1000 1.726113400000031 16008000
1100 2.3698632000000543 19368800
1200 2.9610582999999906 23049600
1300 3.7839658999999983 27050400
1500 5.772862700000019 36012000
