20 0.0024769999999989523 6560
30 0.00026370000000497384 14640
50 0.0013344000000188316 40400
100 0.004575300000055904 160800
110 0.0042652000000771295 194480
120 0.004964900000004491 231360
140 0.007085100000040256 314720
160 0.007936100000051738 410880
180 0.012685400000009395 519840
200 0.01377669999999398 641600
500 0.05816400000003341 4004000
800 0.18071180000004006 10246400
1000 0.3156295 16008000
1100 0.395754800000077 19368800
1200 0.49211669999999685 23049600
1300 0.6054530000000113 27050400
1500 0.9552116999999498 36012000
