20 0.0022089000000278247 6560
30 0.0002642000000605549 14640
50 0.0036734999999907814 40400
100 0.00570140000002084 160800
110 0.005721900000025926 194480
120 0.006734199999982593 231360
140 0.0074543000000630855 314720
160 0.009452900000042064 410880
180 0.013986700000032215 519840
200 0.013364699999897311 641600
500 0.05917260000001079 4004000
800 0.17800839999995333 10246400
1000 0.31757760000004964 16008000
1100 0.38992259999997714 19368800
1200 0.5037914000000683 23049600
1300 0.6092277000000195 27050400
1500 0.953805799999941 36012000
