20 0.0024308000000701213 6560
30 0.0007398000000193861 14640
50 0.0021616999999878317 40400
100 0.007330499999966378 160800
110 0.008798499999898013 194480
120 0.009023699999943346 231360
140 0.013880900000003749 314720
160 0.016043200000012803 410880
180 0.020058299999959672 519840
200 0.026717500000017935 641600
500 0.23011989999997695 4004000
800 0.8891774999999598 10246400
1000 1.7318444999999656 16008000
1100 2.369174199999975 19368800
1200 2.9618271000000505 23049600
1300 3.760001500000044 27050400
1500 5.796379399999978 36012000
