20 0.0025866000000007716 3280
30 0.0011149999999986449 7320
50 0.0019439999999946167 20200
100 0.006798399999993876 80400
110 0.007895099999998934 97240
120 0.008698400000000106 115680
140 0.012165400000000659 157360
160 0.015871700000005262 205440
180 0.021238400000001434 259920
200 0.026758999999998423 320800
500 0.317887099999993 2002000
800 1.1847934000000038 5123200
1000 2.2242742999999905 8004000
1100 2.922367499999993 9684400
1200 3.7494257999999974 11524800
1300 4.966479100000001 13525200
1500 6.993893800000009 18006000
