20 0.0039914100198075175 3280.0
30 0.0003512200026307255 7320.0
50 0.0018466300098225474 20200.0
100 0.004971009958535433 80400.0
110 0.00528565002605319 97240.0
120 0.0054441199637949465 115680.0
140 0.006844240007922053 157360.0
160 0.007429060013964772 205440.0
180 0.009530560113489628 259920.0
200 0.011095239967107772 320800.0
500 0.04752857983112335 2002000.0
800 0.13525204136967658 5123200.0
1000 0.2037603124976158 8004000.0
1100 0.2719503492116928 9684400.0
1200 0.3137255311012268 11524800.0
1300 0.40035250782966614 13525200.0
1500 0.547264677286148 18006000.0
