20 0.002712599999995291 6560
30 0.0005297999999811509 14640
50 0.0026435999999421256 40400
100 0.007442400000059024 160800
110 0.00863389999994979 194480
120 0.009317000000010012 231360
140 0.014005599999904916 314720
160 0.015376800000012736 410880
180 0.021981700000083038 519840
200 0.02618429999995442 641600
500 0.23265790000004927 4004000
800 0.8997485999999526 10246400
1000 1.9625593000000663 16008000
1100 2.294059999999945 19368800
1200 2.957743100000016 23049600
1300 3.7983851999999843 27050400
1500 5.781856400000038 36012000
