20 0.002257299999996576 6560
30 0.0003342999999631502 14640
50 0.00361940000004779 40400
100 0.00736410000001797 160800
110 0.0073419999999941865 194480
120 0.008660200000008444 231360
140 0.012877399999979389 314720
160 0.020839799999976094 410880
180 0.017614100000059807 519840
200 0.017395200000009936 641600
500 0.08414909999999054 4004000
800 0.18930539999996654 10246400
1000 0.29394859999990786 16008000
1100 0.37054570000009335 19368800
1200 0.46011540000006335 23049600
1300 0.5756945000000542 27050400
1500 0.8441050999999788 36012000
