20 0.001487600000018574 3280
30 0.0003801999999950567 7320
50 0.0018024999999965985 20200
100 0.004947200000003704 80400
110 0.004826400000013109 97240
120 0.0054395999999883315 115680
140 0.006634700000006433 157360
160 0.00667780000003404 205440
180 0.009254499999997279 259920
200 0.010744499999987056 320800
500 0.04888180000000375 2002000
800 0.13342239999997219 5123200
1000 0.19539900000000898 8004000
1100 0.2542268000000263 9684400
1200 0.32478989999998475 11524800
1300 0.41029450000002043 13525200
1500 0.5336891000000037 18006000
