20 0.00290899999999894 3280
30 0.0004860999999998228 7320
50 0.0014250000000011198 20200
100 0.004077199999999337 80400
110 0.004406899999999325 97240
120 0.005047599999999264 115680
140 0.005549000000000248 157360
160 0.007538999999999518 205440
180 0.011414900000000117 259920
200 0.012415999999999983 320800
500 0.05523520000000026 2002000
800 0.15560310000000044 5123200
1000 0.2512079000000007 8004000
1100 0.3197139999999994 9684400
1200 0.3899190000000008 11524800
1300 0.47150740000000013 13525200
1500 0.654363 18006000
