20 0.0013237000000003718 3280
30 0.00029430000000729706 7320
50 0.00223199999999224 20200
100 0.00513800000004494 80400
110 0.005153399999983321 97240
120 0.005693799999960447 115680
140 0.007043099999975766 157360
160 0.007074299999999312 205440
180 0.008912100000031842 259920
200 0.010661299999981111 320800
500 0.04584650000003876 2002000
800 0.12933440000000473 5123200
1000 0.20238150000000132 8004000
1100 0.3414959000000408 9684400
1200 0.3148957000000223 11524800
1300 0.372400099999993 13525200
1500 0.5363550000000146 18006000
