20 0.0012419999999906395 3280
30 0.0003859999999917818 7320
50 0.004211600000004978 20200
100 0.006639599999999746 80400
110 0.00906439999999975 97240
120 0.009257599999997979 115680
140 0.013717299999996158 157360
160 0.020856199999997216 205440
180 0.02110410000000229 259920
200 0.028745499999999424 320800
500 0.3402995999999945 2002000
800 1.2674968999999976 5123200
1000 2.335040500000005 8004000
1100 3.033301899999998 9684400
1200 3.724258500000005 11524800
1300 4.685417699999988 13525200
1500 7.016287300000002 18006000
