20 0.0030167700024321675 6560.0
30 0.0004768899962073192 14640.0
50 0.002243610005825758 40400.0
100 0.007716319896280766 160800.0
110 0.00873378007672727 194480.0
120 0.010086189862340689 231360.0
140 0.014084829948842525 314720.0
160 0.016414439864456655 410880.0
180 0.020680319890379904 519840.0
200 0.025709480047225952 641600.0
500 0.2287994921207428 4004000.0
800 0.8954119563102723 10246400.0
1000 1.7524978280067445 16008000.0
1100 2.3591041803359984 19368800.0
1200 2.9589317798614503 23049600.0
1300 3.7679076910018923 27050400.0
1500 5.7944042682647705 36012000.0
