20 0.0013422000000105072 3280
30 0.0006576000000109161 7320
50 0.0017331000000240238 20200
100 0.006884899999988647 80400
110 0.007292099999972379 97240
120 0.009146900000018832 115680
140 0.011627500000031432 157360
160 0.015326599999980317 205440
180 0.02109280000001945 259920
200 0.02675440000001572 320800
500 0.3205598000000123 2002000
800 1.220171100000016 5123200
1000 2.2456263000000263 8004000
1100 2.857564200000013 9684400
1200 3.6202749999999924 11524800
1300 4.627108899999996 13525200
1500 6.740160500000002 18006000
