20 0.001232800000025236 3280
30 0.00024060000004055837 7320
50 0.003161400000010417 20200
100 0.004088700000011158 80400
110 0.004115100000035454 97240
120 0.005436500000030264 115680
140 0.006293199999959143 157360
160 0.007651600000031067 205440
180 0.013084300000002713 259920
200 0.012758700000006229 320800
500 0.055540000000007694 2002000
800 0.15787400000004936 5123200
1000 0.2540159999999787 8004000
1100 0.33170749999999316 9684400
1200 0.4518208999999729 11524800
1300 0.5013191000000461 13525200
1500 0.7017744000000334 18006000
