20 0.0021765000000186774 6560
30 0.00044009999999161664 14640
50 0.002074699999980112 40400
100 0.007961700000009841 160800
110 0.0070766000000048734 194480
120 0.009938799999986259 231360
140 0.013201299999991534 314720
160 0.015700799999990522 410880
180 0.02168440000002647 519840
200 0.02578429999994114 641600
500 0.22763759999998 4004000
800 0.8959824999999455 10246400
1000 1.7491207000000486 16008000
1100 2.3563568000000714 19368800
1200 2.9430057000000716 23049600
1300 3.755720800000063 27050400
1500 5.76262650000001 36012000
