20 0.002559650014154613 6560.0
30 0.0009280800062697381 14640.0
50 0.0035902100382372735 40400.0
100 0.006141109950840473 160800.0
110 0.008760200021788478 194480.0
120 0.008799030119553209 231360.0
140 0.012204189971089362 314720.0
160 0.014663799852132797 410880.0
180 0.016876360028982164 519840.0
200 0.016525590047240257 641600.0
500 0.08321351073682308 4004000.0
800 0.1800335168838501 10246400.0
1000 0.2952520489692688 16008000.0
1100 0.371344855427742 19368800.0
1200 0.4658514440059662 23049600.0
1300 0.5709130465984344 27050400.0
1500 0.8419193506240845 36012000.0
