20 0.0013121000000069216 3280
30 0.00042340000001672706 7320
50 0.002458499999988817 20200
100 0.006337199999990162 80400
110 0.008433600000017805 97240
120 0.008725899999973308 115680
140 0.012905299999999897 157360
160 0.015168499999987262 205440
180 0.020442800000012085 259920
200 0.02785260000001699 320800
500 0.31578740000000494 2002000
800 1.1903025999999954 5123200
1000 2.236214000000018 8004000
1100 2.920914500000009 9684400
1200 3.796836799999994 11524800
1300 4.618307399999992 13525200
1500 6.865948800000012 18006000
