20 0.0013705000000072687 3280
30 0.00032859999998891 7320
50 0.0016239999999925203 20200
100 0.005036499999960142 80400
110 0.004824200000030032 97240
120 0.005125600000042141 115680
140 0.0073979000000008455 157360
160 0.007510700000011639 205440
180 0.010593099999994138 259920
200 0.01171169999997801 320800
500 0.051664699999946606 2002000
800 0.16099080000003596 5123200
1000 0.20538640000000896 8004000
1100 0.3251180999999974 9684400
1200 0.3087507000000187 11524800
1300 0.37892790000000787 13525200
1500 0.5439620999999875 18006000
