20 0.0013251000000309432 3280
30 0.0002581999999620166 7320
50 0.0019487000000140142 20200
100 0.003929999999968459 80400
110 0.004343100000028244 97240
120 0.005290999999999713 115680
140 0.005830600000024333 157360
160 0.007684200000028341 205440
180 0.011979300000007242 259920
200 0.012173799999970925 320800
500 0.05496210000001156 2002000
800 0.15275729999996202 5123200
1000 0.2474698999999987 8004000
1100 0.328272400000003 9684400
1200 0.4457819000000427 11524800
1300 0.5123153999999772 13525200
1500 0.6738179999999829 18006000
