20 0.008828900000025897 6560
30 0.00045599999998557905 14640
50 0.0022192000000131884 40400
100 0.008391100000039842 160800
110 0.009043099999985316 194480
120 0.01144550000003619 231360
140 0.016708300000004783 314720
160 0.02038530000004357 410880
180 0.019811900000036076 519840
200 0.024712799999974777 641600
500 0.2285891999999876 4004000
800 0.8865220999999792 10246400
1000 1.7232642999999825 16008000
1100 2.3612623000000212 19368800
1200 2.9520929999999908 23049600
1300 3.773105200000032 27050400
1500 5.768772500000068 36012000
