20 0.0023915000000442888 6560
30 0.00028150000002824527 14640
50 0.001596100000028855 40400
100 0.005238700000063545 160800
110 0.004272600000035709 194480
120 0.005135500000051252 231360
140 0.006181000000083259 314720
160 0.007946800000013354 410880
180 0.012988199999995231 519840
200 0.01296869999998762 641600
500 0.058884999999918364 4004000
800 0.18498049999993782 10246400
1000 0.3100974999999835 16008000
1100 0.3875768999999991 19368800
1200 0.5070526000000655 23049600
1300 0.5992555999999922 27050400
1500 1.0191592999999557 36012000
