20 0.0029906000000892163 6560
30 0.004443799999990006 14640
50 0.003055399999993824 40400
100 0.004210400000033587 160800
110 0.006186300000081246 194480
120 0.005354199999942466 231360
140 0.0065389999999752035 314720
160 0.010508899999990717 410880
180 0.01536569999996118 519840
200 0.015392200000064804 641600
500 0.06334359999993922 4004000
800 0.17875719999995 10246400
1000 0.35582030000000486 16008000
1100 0.4219802999999729 19368800
1200 0.5253596999999672 23049600
1300 0.6411993000000393 27050400
1500 1.1055399000000534 36012000
