20 0.0024432999999817184 6560
30 0.0022265000000061264 14640
50 0.00596660000007887 40400
100 0.00556759999994938 160800
110 0.008985199999983706 194480
120 0.009326699999974153 231360
140 0.013386999999966065 314720
160 0.016490299999986746 410880
180 0.01652979999994386 519840
200 0.017659299999991163 641600
500 0.08392219999996087 4004000
800 0.17484109999998054 10246400
1000 0.298494699999992 16008000
1100 0.37753380000003744 19368800
1200 0.47758509999994203 23049600
1300 0.5632452000000967 27050400
1500 0.8436720000000832 36012000
