20 0.0023131000000375934 6560
30 0.00048679999997602863 14640
50 0.001937900000029913 40400
100 0.00803089999999429 160800
110 0.009431599999970786 194480
120 0.009676699999999983 231360
140 0.013007599999923514 314720
160 0.015745499999979984 410880
180 0.022251800000049116 519840
200 0.025470000000041182 641600
500 0.22574249999991025 4004000
800 0.8898364000000356 10246400
1000 1.7388829000000214 16008000
1100 2.3732863999999836 19368800
1200 2.958439300000009 23049600
1300 3.7551664000000073 27050400
1500 5.837578699999995 36012000
