20 0.004252209980040789 3280.0
30 0.0007520699989981949 7320.0
50 0.002361059992108494 20200.0
100 0.0066420900169759985 80400.0
110 0.007747499970719218 97240.0
120 0.008736479841172696 115680.0
140 0.01255016988143325 157360.0
160 0.016222449950873852 205440.0
180 0.02117502987384796 259920.0
200 0.027774620056152343 320800.0
500 0.33434967398643495 2002000.0
800 1.2423165917396546 5123200.0
1000 2.2966202020645143 8004000.0
1100 2.9850019931793215 9684400.0
1200 3.760235548019409 11524800.0
1300 4.755413436889649 13525200.0
1500 7.089919996261597 18006000.0
