20 0.002177599999981794 6560
30 0.0002514000000246597 14640
50 0.0013165000000299187 40400
100 0.0038078000000041357 160800
110 0.004384400000049027 194480
120 0.0051518999999871085 231360
140 0.005799200000069504 314720
160 0.00881749999996373 410880
180 0.012000699999930475 519840
200 0.01306729999998879 641600
500 0.05755039999996825 4004000
800 0.18258939999998347 10246400
1000 0.3184837000000016 16008000
1100 0.40423229999998966 19368800
1200 0.49134240000000773 23049600
1300 0.6029086999999436 27050400
1500 0.9240048000000343 36012000
