20 0.0023398999999812986 3280
30 0.0007322000000158368 7320
50 0.0017717999999717904 20200
100 0.006116999999960626 80400
110 0.008411299999977473 97240
120 0.008105699999987337 115680
140 0.011935300000004645 157360
160 0.015230200000019067 205440
180 0.02139169999998103 259920
200 0.028471700000011424 320800
500 0.32285539999998036 2002000
800 1.2087843999999563 5123200
1000 2.2774820000000204 8004000
1100 2.9087903999999867 9684400
1200 3.73625949999996 11524800
1300 4.5782978999999955 13525200
1500 7.098081100000002 18006000
