20 0.0026586999999835825 3280
30 0.0004256999999938671 7320
50 0.0018665999999996075 20200
100 0.006763100000000577 80400
110 0.008190600000006043 97240
120 0.008207999999996218 115680
140 0.012283099999990554 157360
160 0.015178399999996373 205440
180 0.02054460000002223 259920
200 0.026773499999990236 320800
500 0.3184222999999804 2002000
800 1.2257859999999994 5123200
1000 2.264070099999998 8004000
1100 2.9625706999999863 9684400
1200 3.6532915999999886 11524800
1300 4.575752199999982 13525200
1500 6.797555499999987 18006000
