20 0.0013088000000038846 3280
30 0.0002645999999799642 7320
50 0.001383200000020679 20200
100 0.00416989999996531 80400
110 0.00633960000004663 97240
120 0.005192099999987931 115680
140 0.005869300000028943 157360
160 0.007959599999992406 205440
180 0.012217599999985396 259920
200 0.012491599999975733 320800
500 0.053460300000040206 2002000
800 0.16005279999995992 5123200
1000 0.2634373999999866 8004000
1100 0.34005220000000236 9684400
1200 0.41167559999996683 11524800
1300 0.4961913999999865 13525200
1500 0.685216300000036 18006000
