20 0.0012883000000023515 3280
30 0.00026629999999983056 7320
50 0.005137000000001279 20200
100 0.004138000000001085 80400
110 0.0076019000000009385 97240
120 0.004938900000002633 115680
140 0.0057861000000016816 157360
160 0.008286300000001745 205440
180 0.011892100000000738 259920
200 0.012771199999999538 320800
500 0.056511300000000375 2002000
800 0.15285629999999983 5123200
1000 0.26589999999999847 8004000
1100 0.3852109999999982 9684400
1200 0.45907620000000193 11524800
1300 0.5469064999999986 13525200
1500 0.7808407000000024 18006000
