20 0.0014454999999884421 3280
30 0.0002658999999880507 7320
50 0.002466900000001715 20200
100 0.004521300000021711 80400
110 0.005042300000013711 97240
120 0.005630300000007082 115680
140 0.006260600000018712 157360
160 0.007438299999989795 205440
180 0.008379600000012033 259920
200 0.010793400000011388 320800
500 0.04550679999999829 2002000
800 0.12260009999999966 5123200
1000 0.19345349999997552 8004000
1100 0.25371999999998707 9684400
1200 0.30999150000002373 11524800
1300 0.37595079999999825 13525200
1500 0.5936138000000142 18006000
