20 0.0013131000000043969 3280
30 0.00024410000003172172 7320
50 0.0012843999999745392 20200
100 0.0037454000000138876 80400
110 0.0045532000000321204 97240
120 0.004818499999998949 115680
140 0.0057130999999799315 157360
160 0.007958400000006804 205440
180 0.011749199999997018 259920
200 0.012141799999994873 320800
500 0.053711500000019896 2002000
800 0.151357599999983 5123200
1000 0.24415090000002238 8004000
1100 0.3274514000000295 9684400
1200 0.4077168000000029 11524800
1300 0.4949306999999976 13525200
1500 0.7752949000000058 18006000
