20 0.0021823999999242005 6560
30 0.0002492999999503809 14640
50 0.0012464000000136366 40400
100 0.0038098999999647276 160800
110 0.004822799999942617 194480
120 0.00485619999994924 231360
140 0.005408999999986008 314720
160 0.010078000000021348 410880
180 0.012356999999951768 519840
200 0.01420189999998911 641600
500 0.05863309999995181 4004000
800 0.1800829999999678 10246400
1000 0.31518259999995735 16008000
1100 0.4038050999999996 19368800
1200 0.5097069000000829 23049600
1300 0.6051830000000109 27050400
1500 0.9577130000000125 36012000
