20 0.0023486999999704494 6560
30 0.00045269999998254207 14640
50 0.002034600000001774 40400
100 0.008076899999991838 160800
110 0.008191199999942 194480
120 0.009997299999895404 231360
140 0.012808100000029299 314720
160 0.015259200000059536 410880
180 0.020430900000064867 519840
200 0.025574699999992845 641600
500 0.23163390000001982 4004000
800 0.9239513999999645 10246400
1000 1.720048399999996 16008000
1100 2.355683699999986 19368800
1200 2.947432499999991 23049600
1300 3.787913000000003 27050400
1500 5.79289499999993 36012000
