20 0.0016415000000051805 3280
30 0.0011843999999996413 7320
50 0.0018850999999813212 20200
100 0.007234699999969507 80400
110 0.007298199999979715 97240
120 0.009698099999980059 115680
140 0.012517800000011903 157360
160 0.01566310000004023 205440
180 0.02463519999997743 259920
200 0.0281908000000044 320800
500 0.36990830000002006 2002000
800 1.3350343999999836 5123200
1000 2.365777000000037 8004000
1100 3.0217193000000293 9684400
1200 3.7688223000000107 11524800
1300 4.599589200000025 13525200
1500 6.935632499999997 18006000
