20 0.0023020300082862376 6560.0
30 0.00030454999941866847 14640.0
50 0.002602279977872968 40400.0
100 0.004644639976322651 160800.0
110 0.004733859980478883 194480.0
120 0.006151910033077001 231360.0
140 0.007413840014487505 314720.0
160 0.010424590017646552 410880.0
180 0.013914270140230656 519840.0
200 0.016780109889805318 641600.0
500 0.06421650014817715 4004000.0
800 0.18256618082523346 10246400.0
1000 0.3140388190746307 16008000.0
1100 0.3937216281890869 19368800.0
1200 0.49992513954639434 23049600.0
1300 0.6058313846588135 27050400.0
1500 0.9712544918060303 36012000.0
