20 0.0012703000000016118 3280
30 0.00025879999999744996 7320
50 0.0022779000000028304 20200
100 0.004071499999998451 80400
110 0.004109899999999556 97240
120 0.005922199999996991 115680
140 0.005208599999999564 157360
160 0.008190700000000106 205440
180 0.011219699999998056 259920
200 0.013232899999998438 320800
500 0.055363599999999735 2002000
800 0.1501266000000001 5123200
1000 0.2625718999999975 8004000
1100 0.32903380000000126 9684400
1200 0.3975599999999986 11524800
1300 0.4774637999999989 13525200
1500 0.7242469000000007 18006000
