20 0.002423200000066572 6560
30 0.0003394000000298547 14640
50 0.001626800000053663 40400
100 0.005045399999971778 160800
110 0.006512400000019625 194480
120 0.006843000000003485 231360
140 0.012526600000001054 314720
160 0.01763210000001436 410880
180 0.027956099999983053 519840
200 0.01797759999999471 641600
500 0.09234779999997045 4004000
800 0.18231790000004366 10246400
1000 0.2953498000000536 16008000
1100 0.36692119999997885 19368800
1200 0.46326910000004773 23049600
1300 0.5709717999999384 27050400
1500 0.823593599999981 36012000
