20 0.0031678000000283646 6560
30 0.0002701999999317195 14640
50 0.0028773999999884836 40400
100 0.005735899999990579 160800
110 0.005533700000000863 194480
120 0.006882300000029318 231360
140 0.011573200000043471 314720
160 0.012160200000039367 410880
180 0.015144500000019434 519840
200 0.014521299999955772 641600
500 0.05879400000003443 4004000
800 0.18443569999999454 10246400
1000 0.3136200999999801 16008000
1100 0.39318360000004304 19368800
1200 0.5245205999999598 23049600
1300 0.610622899999953 27050400
1500 0.9133239999999887 36012000
