20 0.0021973000000343745 6560
30 0.00403439999990951 14640
50 0.0019594999999981155 40400
100 0.007154600000035316 160800
110 0.0053378000000066095 194480
120 0.005631300000004558 231360
140 0.008954500000072585 314720
160 0.00911329999996724 410880
180 0.010496099999954822 519840
200 0.013351999999940745 641600
500 0.060925300000008065 4004000
800 0.16940490000001773 10246400
1000 0.2978906000000734 16008000
1100 0.3746240000000398 19368800
1200 0.4680005000000165 23049600
1300 0.5863411000000269 27050400
1500 0.8303816000000097 36012000
