20 0.0012748999999985244 3280
30 0.0015683999999964726 7320
50 0.0025373000000001866 20200
100 0.006889200000017581 80400
110 0.007631900000006908 97240
120 0.009622699999994211 115680
140 0.01306130000000394 157360
160 0.015379099999989876 205440
180 0.02064950000001886 259920
200 0.028702000000009775 320800
500 0.34717859999997813 2002000
800 1.2907743000000096 5123200
1000 2.2108870999999795 8004000
1100 2.9580722000000037 9684400
1200 3.9129245999999966 11524800
1300 4.69328999999999 13525200
1500 7.0145841000000075 18006000
