20 0.002777199999968616 6560
30 0.0003001999999696636 14640
50 0.0021389999999428255 40400
100 0.007857400000034431 160800
110 0.007485799999926712 194480
120 0.00977510000006987 231360
140 0.013068699999962519 314720
160 0.015190599999982624 410880
180 0.026871700000015153 519840
200 0.027291300000001684 641600
500 0.2315449999999828 4004000
800 0.9017386000000442 10246400
1000 1.718069400000104 16008000
1100 2.369021400000065 19368800
1200 2.9597267999999985 23049600
1300 3.8024513000000297 27050400
1500 6.133112600000004 36012000
