20 0.0012427000000343469 3280
30 0.000448800000015126 7320
50 0.002602599999988797 20200
100 0.0037748000000306092 80400
110 0.005286899999987327 97240
120 0.00560280000001967 115680
140 0.005454100000008566 157360
160 0.008004799999980605 205440
180 0.015592000000026474 259920
200 0.013692300000002433 320800
500 0.0604680000000144 2002000
800 0.16778049999999212 5123200
1000 0.33799360000000434 8004000
1100 0.3969929999999522 9684400
1200 0.3987406999999621 11524800
1300 0.4851433000000043 13525200
1500 0.6774910000000318 18006000
