20 0.0029130000000350265 6560
30 0.0004623000000947286 14640
50 0.0018784999999752472 40400
100 0.006654300000036528 160800
110 0.009037800000101015 194480
120 0.010754700000006778 231360
140 0.012405199999989236 314720
160 0.016281400000025315 410880
180 0.021580299999982344 519840
200 0.02505159999998341 641600
500 0.22526800000002822 4004000
800 0.8960416999999552 10246400
1000 1.7391594000000623 16008000
1100 2.3679442999999765 19368800
1200 2.9727746999999454 23049600
1300 3.767486500000018 27050400
1500 5.804124799999954 36012000
