20 0.02283829999998943 6560
30 0.00042199999995773396 14640
50 0.002170800000044437 40400
100 0.006368500000007771 160800
110 0.009856900000045243 194480
120 0.009524700000042685 231360
140 0.01628759999994145 314720
160 0.01846120000004703 410880
180 0.023355199999969045 519840
200 0.03349479999997129 641600
500 0.3101455999999416 4004000
800 0.9595259999999826 10246400
1000 1.794277299999976 16008000
1100 2.2798769000000902 19368800
1200 2.9817116000000397 23049600
1300 3.782952499999965 27050400
1500 5.7876999999999725 36012000
