20 0.0012643000000025495 3280
30 0.00028349999996635233 7320
50 0.0015662999999790372 20200
100 0.00502169999998614 80400
110 0.005647799999962899 97240
120 0.005231899999955658 115680
140 0.007273900000029698 157360
160 0.007769800000005489 205440
180 0.010284599999977218 259920
200 0.010691899999983434 320800
500 0.04545250000001033 2002000
800 0.1187757000000147 5123200
1000 0.1927254000000289 8004000
1100 0.26611810000002833 9684400
1200 0.33459439999995766 11524800
1300 0.4334732000000372 13525200
1500 0.5231577000000129 18006000
