20 0.0013257999999609638 3280
30 0.00025769999996327897 7320
50 0.0022525999999629676 20200
100 0.004736499999978605 80400
110 0.0038852999999789972 97240
120 0.005106500000010783 115680
140 0.005639999999971224 157360
160 0.007084899999995287 205440
180 0.0118289000000118 259920
200 0.0123922999999877 320800
500 0.0537014999999883 2002000
800 0.15288150000003498 5123200
1000 0.2522564000000216 8004000
1100 0.31433009999994965 9684400
1200 0.4151145000000156 11524800
1300 0.5126658000000361 13525200
1500 0.6775916999999936 18006000
