20 0.0014415999999641826 3280
30 0.0003765999999814085 7320
50 0.0015890999999896849 20200
100 0.00480920000001106 80400
110 0.005371099999990747 97240
120 0.005533800000023348 115680
140 0.006830499999978201 157360
160 0.008280500000012125 205440
180 0.011054600000022674 259920
200 0.01105369999999084 320800
500 0.054186900000047444 2002000
800 0.15074450000003026 5123200
1000 0.2078546999999844 8004000
1100 0.24920910000003005 9684400
1200 0.3292545999999561 11524800
1300 0.4794697000000383 13525200
1500 0.5581020999999851 18006000
