20 0.0015331000000173844 3280
30 0.0003419999999891843 7320
50 0.0016521000000011554 20200
100 0.004680300000018178 80400
110 0.004845199999977012 97240
120 0.005766300000004776 115680
140 0.005939299999965897 157360
160 0.0065844000000083724 205440
180 0.008584200000029796 259920
200 0.011071300000025985 320800
500 0.04531769999999824 2002000
800 0.13991239999995742 5123200
1000 0.19810769999998 8004000
1100 0.24978190000001632 9684400
1200 0.30987989999999854 11524800
1300 0.3776181000000065 13525200
1500 0.5397964000000002 18006000
