20 0.0012556000000003564 3280
30 0.00027860000000057283 7320
50 0.0032927000000002593 20200
100 0.003889400000000265 80400
110 0.004096000000000544 97240
120 0.005517099999999608 115680
140 0.0060853999999999075 157360
160 0.007360799999999834 205440
180 0.011863700000000144 259920
200 0.012388699999999808 320800
500 0.055522599999999755 2002000
800 0.15593400000000024 5123200
1000 0.2897596 8004000
1100 0.3372485999999997 9684400
1200 0.3944700999999995 11524800
1300 0.4798567999999994 13525200
1500 0.6897047000000001 18006000
