20 0.03178730000001906 6560
30 0.0002248999999210355 14640
50 0.0015052999999625172 40400
100 0.004743400000052134 160800
110 0.004942600000049424 194480
120 0.006233799999904477 231360
140 0.006077399999981026 314720
160 0.010827800000015486 410880
180 0.014791000000059285 519840
200 0.015136299999994662 641600
500 0.06354620000001887 4004000
800 0.17985529999998562 10246400
1000 0.30959340000003976 16008000
1100 0.39847809999992023 19368800
1200 0.49949909999998 23049600
1300 0.607911999999942 27050400
1500 0.9702017000000751 36012000
