20 0.0022483000000192987 6560
30 0.0009959000000208107 14640
50 0.003092400000014095 40400
100 0.007327000000032058 160800
110 0.008208299999978408 194480
120 0.009373800000048504 231360
140 0.013799800000015239 314720
160 0.015991900000017267 410880
180 0.020491900000024543 519840
200 0.027367300000037176 641600
500 0.23337419999995745 4004000
800 0.9121920999999702 10246400
1000 1.7455359000000499 16008000
1100 2.3409537999999657 19368800
1200 2.9695884000000206 23049600
1300 3.765088100000071 27050400
1500 5.919457500000021 36012000
