20 0.0012833000000007644 3280
30 0.0002858000000003358 7320
50 0.0014414000000009253 20200
100 0.0039367999999999626 80400
110 0.0040621000000005125 97240
120 0.005516000000000076 115680
140 0.006328399999999235 157360
160 0.007746000000000919 205440
180 0.011749299999999963 259920
200 0.012418900000000122 320800
500 0.054828999999999795 2002000
800 0.16447759999999967 5123200
1000 0.2760005000000003 8004000
1100 0.33131169999999877 9684400
1200 0.4642607999999999 11524800
1300 0.5087837000000004 13525200
1500 0.6503721999999996 18006000
