20 0.0023131000000375934 6560
30 0.0004940000000033251 14640
50 0.0026263999999400767 40400
100 0.00904769999999644 160800
110 0.008211299999970834 194480
120 0.01030290000005607 231360
140 0.013661099999922044 314720
160 0.016372199999977965 410880
180 0.020392099999980928 519840
200 0.026100499999984095 641600
500 0.22868350000010196 4004000
800 0.8808453999999983 10246400
1000 1.7501945000000205 16008000
1100 2.349449199999981 19368800
1200 2.9869460999999546 23049600
1300 3.7586708000000044 27050400
1500 5.810199699999998 36012000
