20 0.0012833000000007644 3280
30 0.0002595000000020775 7320
50 0.0014240999999977078 20200
100 0.004051400000001593 80400
110 0.004194099999999423 97240
120 0.005031300000002403 115680
140 0.005232899999999319 157360
160 0.007608999999998645 205440
180 0.012758299999998002 259920
200 0.012429000000000912 320800
500 0.05712810000000346 2002000
800 0.15047580000000238 5123200
1000 0.2464069000000002 8004000
1100 0.31860809999999873 9684400
1200 0.40479999999999805 11524800
1300 0.4856765000000003 13525200
1500 0.7294347000000023 18006000
