20 0.0017993000000160464 3280
30 0.0013073999999733132 7320
50 0.0019206000000053791 20200
100 0.008531500000003689 80400
110 0.00775170000002845 97240
120 0.009406699999999546 115680
140 0.012808000000006814 157360
160 0.015535300000010466 205440
180 0.021290200000009918 259920
200 0.02795069999996258 320800
500 0.3234582999999702 2002000
800 1.2021799000000328 5123200
1000 2.7501809999999978 8004000
1100 3.1528935000000047 9684400
1200 4.67852849999997 11524800
1300 5.061350900000036 13525200
1500 7.064580699999965 18006000
