20 0.0020975999999990336 3280
30 0.0007474000000087244 7320
50 0.0017558000000121865 20200
100 0.005620999999990772 80400
110 0.007964100000009466 97240
120 0.007965200000001005 115680
140 0.011896399999997698 157360
160 0.01719699999999591 205440
180 0.019848899999999503 259920
200 0.026258199999986687 320800
500 0.38617749999998807 2002000
800 1.174218599999989 5123200
1000 2.385680000000008 8004000
1100 2.9225124999999963 9684400
1200 3.761372399999985 11524800
1300 4.731943199999989 13525200
1500 7.398253299999993 18006000
