20 0.0012907999999924868 3280
30 0.00024969999998347703 7320
50 0.001303600000028382 20200
100 0.004509299999995164 80400
110 0.00394099999999753 97240
120 0.0051780999999664346 115680
140 0.006911799999954837 157360
160 0.007059600000047794 205440
180 0.011947799999973086 259920
200 0.012216700000010405 320800
500 0.05443120000001045 2002000
800 0.1566693999999984 5123200
1000 0.252260299999989 8004000
1100 0.32153710000000046 9684400
1200 0.5182509999999638 11524800
1300 0.5438432999999918 13525200
1500 0.6586557000000539 18006000
