20 0.0015359999999997598 3280
30 0.00025909999999917943 7320
50 0.0018638000000006372 20200
100 0.0034420999999991153 80400
110 0.004263999999999157 97240
120 0.0061163000000004075 115680
140 0.00580339999999957 157360
160 0.007807400000000797 205440
180 0.011651600000000428 259920
200 0.014495499999998884 320800
500 0.05682900000000046 2002000
800 0.1514369999999996 5123200
1000 0.2554672999999994 8004000
1100 0.31832189999999905 9684400
1200 0.4093239000000004 11524800
1300 0.47624820000000057 13525200
1500 0.6621451 18006000
