20 0.017881800000000003 3280
30 0.00022299999999997322 7320
50 0.002944699999999967 20200
100 0.004010400000000025 80400
110 0.004541599999999979 97240
120 0.006318199999999996 115680
140 0.006808299999999989 157360
160 0.010466599999999993 205440
180 0.013845200000000002 259920
200 0.013424600000000009 320800
500 0.06082679999999996 2002000
800 0.16450710000000002 5123200
1000 0.25542319999999996 8004000
1100 0.3265100999999999 9684400
1200 0.3929750000000001 11524800
1300 0.4801711000000002 13525200
1500 0.6656286000000002 18006000
