20 0.0013423999999986336 3280
30 0.00032320000002528104 7320
50 0.0016456999999832078 20200
100 0.005429499999991094 80400
110 0.005163499999980559 97240
120 0.005075500000032207 115680
140 0.007381899999984398 157360
160 0.0069621999999753825 205440
180 0.009644900000012058 259920
200 0.011187800000016068 320800
500 0.0458782000000042 2002000
800 0.12415830000003325 5123200
1000 0.20403060000001005 8004000
1100 0.25294309999998177 9684400
1200 0.2940978000000314 11524800
1300 0.3685869999999909 13525200
1500 0.5680267000000185 18006000
