20 0.002542500000004111 6560
30 0.0004245000000082655 14640
50 0.002071900000032656 40400
100 0.007216599999992468 160800
110 0.008989899999960471 194480
120 0.0094958999999335 231360
140 0.013504000000011729 314720
160 0.015381899999965754 410880
180 0.02059329999997317 519840
200 0.02688249999994241 641600
500 0.22924460000001545 4004000
800 0.9021619000000101 10246400
1000 1.7383363999999801 16008000
1100 2.3527129000000286 19368800
1200 2.990169700000024 23049600
1300 3.791959200000065 27050400
1500 5.767302700000073 36012000
