20 0.0026208000000451648 6560
30 0.00036110000007738563 14640
50 0.004700400000047011 40400
100 0.0052371000000448475 160800
110 0.006330400000024383 194480
120 0.012212699999963661 231360
140 0.00808510000001661 314720
160 0.010405899999909707 410880
180 0.014186699999982011 519840
200 0.01363919999994323 641600
500 0.06292809999990823 4004000
800 0.17569109999999455 10246400
1000 0.31150800000000345 16008000
1100 0.3975498999999445 19368800
1200 0.5083300999999665 23049600
1300 0.6501753999999664 27050400
1500 1.0222954999999274 36012000
