20 0.002347699999972974 6560
30 0.00048540000000230066 14640
50 0.002198299999918163 40400
100 0.007435299999997369 160800
110 0.009332599999993363 194480
120 0.009142999999994572 231360
140 0.014750400000025365 314720
160 0.016238899999962086 410880
180 0.021253499999943415 519840
200 0.025982600000020284 641600
500 0.22567799999990257 4004000
800 0.8972790999999916 10246400
1000 1.7467790000000605 16008000
1100 2.4370991000000686 19368800
1200 2.9432745000000295 23049600
1300 3.7483033999999407 27050400
1500 5.799380299999939 36012000
