20 0.0013677000000029693 3280
30 0.0013492000000212556 7320
50 0.0019422000000020034 20200
100 0.007213000000007241 80400
110 0.007491799999996829 97240
120 0.009319100000027447 115680
140 0.011779100000012477 157360
160 0.01573740000000612 205440
180 0.020814599999994243 259920
200 0.026578300000011268 320800
500 0.3178077999999971 2002000
800 1.3677716999999916 5123200
1000 2.3184579999999926 8004000
1100 3.0901149999999973 9684400
1200 3.8297608000000025 11524800
1300 4.959169800000012 13525200
1500 7.267376200000001 18006000
