20 0.0013730999999665983 3280
30 0.0003183000000035463 7320
50 0.0016944000000194137 20200
100 0.004857000000015432 80400
110 0.006807600000001912 97240
120 0.004656000000011318 115680
140 0.006502000000011776 157360
160 0.007594400000016321 205440
180 0.008673700000031204 259920
200 0.01141219999999521 320800
500 0.04546499999997877 2002000
800 0.14027469999996356 5123200
1000 0.2390191999999729 8004000
1100 0.2698147000000404 9684400
1200 0.2942874999999958 11524800
1300 0.41790120000001707 13525200
1500 0.5267501999999809 18006000
