20 0.026824599999997645 3280
30 0.0002901000000292697 7320
50 0.0018962999999985186 20200
100 0.005442700000003242 80400
110 0.007068400000036945 97240
120 0.0072946000000229105 115680
140 0.011212600000021666 157360
160 0.016181399999993573 205440
180 0.02045050000003812 259920
200 0.02699339999998074 320800
500 0.35503729999999223 2002000
800 1.2477678999999853 5123200
1000 2.2455670999999597 8004000
1100 3.042662899999982 9684400
1200 3.7259886999999594 11524800
1300 4.605780799999991 13525200
1500 7.140671599999962 18006000
