20 0.0011501999999978807 3280
30 0.0007832000000007611 7320
50 0.0020367000000049984 20200
100 0.006565200000004268 80400
110 0.007238000000000966 97240
120 0.00887170000000026 115680
140 0.012202899999998351 157360
160 0.01542129999999986 205440
180 0.020263800000002163 259920
200 0.027056299999998146 320800
500 0.3157605999999973 2002000
800 1.188430799999999 5123200
1000 2.5534292999999977 8004000
1100 2.9473537000000007 9684400
1200 3.775543599999999 11524800
1300 4.830742200000003 13525200
1500 7.359066600000006 18006000
