20 0.03580740000001015 8000
30 5.609999999478532e-05 18000
50 4.359999999792308e-05 50000
100 0.001432399999998779 200000
110 0.00039400000000000546 242000
120 0.00041710000002126435 288000
140 0.00030329999998457424 392000
160 0.00042360000000485343 512000
180 0.0026171000000090316 648000
200 0.0008386000000086824 800000
500 0.007467700000006516 5000000
800 0.03379580000000715 12800000
1000 0.06072399999999334 20000000
1100 0.07009829999998374 24200000
1200 0.09712809999999195 28800000
1300 0.1059740999999974 33800000
1500 0.1583750000000066 45000000
2000 0.44044939999997723 80000000
3000 1.1850361999999848 180000000
5000 5.926609600000006 500000000
6000 9.653457800000012 720000000
