20 0.042392700000000616 8000
30 4.500000000007276e-05 18000
50 4.7199999997360464e-05 50000
100 0.001214900000000796 200000
110 0.0006093999999947641 242000
120 0.0004440000000016653 288000
140 0.010918000000003758 392000
160 0.0003758000000004813 512000
180 0.0016441000000000372 648000
200 0.000767099999997356 800000
500 0.028469299999997588 5000000
800 0.05736119999999545 12800000
1000 0.09578210000000098 20000000
1100 0.09803269999999742 24200000
1200 0.14430819999999756 28800000
1300 0.17021139999999946 33800000
1500 0.31791600000000386 45000000
2000 0.5940800000000053 80000000
3000 1.982670800000001 180000000
5000 9.482417100000006 500000000
6000 10.102183699999998 720000000
