20 0.03760579999999436 8000
30 6.210000000805849e-05 18000
50 4.810000001498338e-05 50000
100 0.00026169999998160165 200000
110 0.000294099999990749 242000
120 0.0003578999999831467 288000
140 0.00029359999999201136 392000
160 0.00033080000000040855 512000
180 0.0035379999999918255 648000
200 0.001569499999988011 800000
500 0.007931000000013455 5000000
800 0.027294699999998784 12800000
1000 0.05230659999998011 20000000
1100 0.06029709999998545 24200000
1200 0.0814816000000178 28800000
1300 0.11134149999998044 33800000
1500 0.1736072000000206 45000000
2000 0.44194400000000655 80000000
3000 1.2420457999999996 180000000
5000 10.461900700000001 500000000
6000 17.973154099999988 720000000
