20 6.430000000001712e-05 8000
30 4.0900000000121395e-05 18000
50 5.9299999999984365e-05 50000
100 0.0015549000000001367 200000
110 0.00019830000000009562 242000
120 0.004788699999999979 288000
140 0.0008683999999998804 392000
160 0.001758699999999891 512000
180 0.005206999999999962 648000
200 0.011599099999999973 800000
500 0.010064599999999979 5000000
800 0.09036679999999997 12800000
1000 0.07554060000000007 20000000
1100 0.17283749999999998 24200000
1200 0.2614071 28800000
1300 0.17668930000000005 33800000
1500 0.22341999999999995 45000000
2000 0.4157424999999999 80000000
3000 1.2559859999999996 180000000
5000 5.256665300000001 500000000
6000 13.786042999999998 720000000
