20 0.03854750000000706 8000
30 4.959999999698539e-05 18000
50 4.979999999932261e-05 50000
100 0.0005081999999987374 200000
110 0.0001998000000043021 242000
120 0.0002195000000000391 288000
140 0.00026649999999506235 392000
160 0.000289400000013984 512000
180 0.0006847000000078651 648000
200 0.0025103000000115117 800000
500 0.010003300000008153 5000000
800 0.033765500000001225 12800000
1000 0.0842269999999985 20000000
1100 0.06777329999999893 24200000
1200 0.12248839999999461 28800000
1300 0.15195349999999053 33800000
1500 0.3868789999999933 45000000
2000 0.577922700000002 80000000
3000 3.3483070999999995 180000000
5000 12.937823199999997 500000000
6000 16.2227568 720000000
