20 0.07452599999999876 8000
30 0.00023729999999844154 18000
50 0.00011950000000027217 50000
100 0.0020898000000002526 200000
110 0.0045469999999987465 242000
120 0.0006713000000004854 288000
140 0.0006225999999998066 392000
160 0.0006556999999993707 512000
180 0.00880069999999833 648000
200 0.0012793999999978212 800000
500 0.030435799999999347 5000000
800 0.05249200000000087 12800000
1000 0.12083239999999762 20000000
1100 0.1810848000000007 24200000
1200 0.19281720000000035 28800000
1300 0.3411822999999998 33800000
1500 0.3871956999999995 45000000
2000 0.9125022999999999 80000000
3000 3.310032100000001 180000000
5000 10.418066399999997 500000000
6000 14.147483900000005 720000000
