20 0.032011000000011336 8000
30 5.9100000001421904e-05 18000
50 3.5499999995636244e-05 50000
100 0.0001749000000046408 200000
110 0.00025410000000647415 242000
120 0.00021839999999428983 288000
140 0.00024949999999535066 392000
160 0.00024970000001189874 512000
180 0.004142199999989771 648000
200 0.0006980999999939286 800000
500 0.009122400000009634 5000000
800 0.025924700000004464 12800000
1000 0.0640490999999912 20000000
1100 0.06042250000000138 24200000
1200 0.09083210000000008 28800000
1300 0.10616470000000788 33800000
1500 0.15720149999999933 45000000
2000 0.45575189999999566 80000000
3000 1.1945355000000006 180000000
5000 5.755941899999996 500000000
6000 10.6978948 720000000
