20 0.04250989999999888 8000
30 5.110000000740911e-05 18000
50 0.0006511999999929685 50000
100 0.0005092000000104235 200000
110 0.0003413000000023203 242000
120 0.0007045000000118762 288000
140 0.0009187999999937801 392000
160 0.0010714000000007218 512000
180 0.006587499999994861 648000
200 0.0012531000000137738 800000
500 0.016050899999981993 5000000
800 0.04592199999999025 12800000
1000 0.12256179999999972 20000000
1100 0.14222250000000258 24200000
1200 0.15161530000000312 28800000
1300 0.2245484000000033 33800000
1500 0.47580059999998525 45000000
2000 0.7411288999999783 80000000
3000 2.7475971000000072 180000000
5000 9.415172600000005 500000000
6000 14.537170000000003 720000000
