20 0.039649499999995896 8000
30 0.00011159999999676984 18000
50 7.050000002095658e-05 50000
100 0.0030447999999978492 200000
110 0.0003175999999882606 242000
120 0.0003153000000111206 288000
140 0.0005750999999918349 392000
160 0.0005170999999961623 512000
180 0.0010463999999785756 648000
200 0.005511499999983016 800000
500 0.022680799999989176 5000000
800 0.07946999999998638 12800000
1000 0.0902584000000104 20000000
1100 0.1211345000000108 24200000
1200 0.20814730000000736 28800000
1300 0.47579469999999446 33800000
1500 0.41856749999999465 45000000
2000 0.7182328000000098 80000000
3000 2.822971800000005 180000000
5000 5.641369999999995 500000000
6000 9.463690900000017 720000000
