20 0.0370734999999911 8000
30 4.1299999992361336e-05 18000
50 5.120000000147229e-05 50000
100 0.01250950000002149 200000
110 0.0006375000000105047 242000
120 0.0007377999999960139 288000
140 0.0041559999999947195 392000
160 0.0010415999999793257 512000
180 0.0065406999999879645 648000
200 0.0012083999999958905 800000
500 0.021633399999984704 5000000
800 0.03283360000000357 12800000
1000 0.051409199999994826 20000000
1100 0.07631639999999607 24200000
1200 0.1064038000000096 28800000
1300 0.13676400000002786 33800000
1500 0.20598620000001233 45000000
2000 0.9110686000000214 80000000
3000 3.2308787999999993 180000000
5000 13.514571499999988 500000000
6000 20.816024099999993 720000000
