20 0.0012249999999998096 0.00030090000000004835
30 0.008491199999999921 0.0006247000000003666
50 0.003114700000000248 0.0005142999999998565
100 0.002017999999999631 0.0002998999999999086
110 0.006162100000000059 0.0004949999999999122
120 0.00603599999999993 0.0005285000000005979
140 0.0030125000000005286 0.00028199999999944936
160 0.00933169999999972 0.0002876000000000545
180 0.008747799999999195 0.000251200000000118
200 0.0045608000000001425 0.00015059999999955664
500 0.027150999999999925 0.00020599999999948437
800 0.04852740000000022 0.00018440000000019552
1000 0.08359779999999972 0.00019050000000042644
1100 0.09083160000000046 0.00023189999999928546
1200 0.10267149999999958 0.00020750000000013813
1300 0.11740109999999948 0.0008363000000004561
1500 0.16355889999999995 0.00041320000000055757
3000 1.0361123 0.0007961999999999136
