20 0.009310700000000338 0.0033840000000004977
30 0.00012059999999891602 0.0030101999999985196
50 0.0002135999999985927 2.7599999999239344e-05
100 0.0003373000000017612 0.0006871999999980005
110 0.00033279999999891174 0.0007587000000022215
120 0.0003570999999986668 0.0005048999999992532
140 0.0003431999999996549 0.0005798000000005743
160 0.0013176000000001409 0.0007114000000001397
180 0.0033152999999970234 0.0010012000000010346
200 0.006642200000001708 0.0005111999999982686
500 0.01369370000000103 0.004735999999997631
800 0.034922699999999196 0.03550990000000098
1000 0.08657050000000055 0.2218505999999998
1100 0.08482649999999836 0.033288500000001164
1200 0.10075119999999771 0.033293700000001536
1300 0.08633389999999963 0.05111319999999964
1500 0.1374974999999985 0.0698545000000017
3000 0.5965382000000012 0.5656220999999988
