20 0.011598900000000079 0.004311100000000234
30 0.00011999999999989797 2.1300000000223918e-05
50 9.689999999995536e-05 1.819999999996824e-05
100 0.0003011000000001651 0.006907599999999903
110 0.00036509999999978504 0.00024610000000002685
120 0.0003510999999996045 0.0018375000000001585
140 0.0003729000000003424 0.00019130000000000535
160 0.0013276000000002064 0.0002922999999999121
180 0.0017092000000000773 0.0008081999999998146
200 0.002153699999999592 0.0003099000000004182
500 0.01112650000000004 0.0030464000000001157
800 0.03787879999999966 0.015437100000000203
1000 0.057548799999999734 0.01967590000000019
1100 0.061395599999999995 0.02631629999999996
1200 0.07198130000000003 0.028815600000000163
1300 0.08863209999999988 0.04836550000000006
1500 0.12064910000000006 0.07093780000000027
3000 0.5716102999999997 0.6111963
