20 0.001387799999999828 0.00028619999999968115
30 0.0009831000000009027 0.0003564999999987606
50 0.0011258000000005097 0.0003372000000005926
100 0.0020462999999999454 0.0005609999999993676
110 0.0021649999999997505 0.00032239999999994495
120 0.0025785999999996534 0.0002916000000006136
140 0.0022081000000007123 0.0003228999999986826
160 0.011966199999999816 0.0006953999999996796
180 0.006730599999999143 0.0003709999999994551
200 0.008116600000001029 0.00033489999999858355
500 0.039433700000000016 0.00018340000000094392
800 0.06246919999999889 0.0004713000000009515
1000 0.23178509999999974 0.0005614999999998815
1100 0.19543839999999868 0.002723500000000101
1200 0.1849570000000007 0.0005834000000000117
1300 0.3220541000000008 0.0005273999999992895
1500 0.26282210000000106 0.0002558999999990874
3000 1.0773255000000006 0.0005490999999988588
