20 0.0001611000000000251 7.749999999995261e-05
30 0.00012539999999999774 2.8000000000028002e-05
50 0.00013920000000000599 2.2999999999995246e-05
100 0.00026290000000001035 0.00019859999999999323
110 0.00032329999999997083 0.00011300000000002974
120 0.0005934000000000217 0.00012729999999999686
140 0.00029249999999997334 0.0002838000000000007
160 0.0030777000000000165 0.0003898999999999986
180 0.002353800000000017 0.0004130999999999996
200 0.0018168000000000073 0.00029239999999997046
500 0.009412399999999987 0.005645000000000011
800 0.030284199999999983 0.00978030000000002
1000 0.0577453 0.02246969999999998
1100 0.06519020000000003 0.034428399999999915
1200 0.12495909999999999 0.04054970000000002
1300 0.10906760000000004 0.059402899999999925
1500 0.2818731 0.1284533000000001
3000 0.5631077 0.6131991999999999
