20 0.01067499999999999 0.003882200000000502
30 0.00011939999999999173 2.2300000000363696e-05
50 7.730000000005788e-05 2.2599999999428633e-05
100 0.0004800999999998723 0.00014559999999974593
110 0.0004052999999997198 0.00015590000000020865
120 0.00048240000000010497 0.0006805999999999202
140 0.0008163999999997174 0.00021010000000032392
160 0.0024924000000003943 0.0005387999999992843
180 0.0028604999999997105 0.0015306000000006037
200 0.0027746000000004045 0.00028070000000024464
500 0.009124599999999816 0.012037600000000204
800 0.03400079999999939 0.010529600000000805
1000 0.05540879999999948 0.02839840000000038
1100 0.05632269999999995 0.04150729999999925
1200 0.09725230000000007 0.05956699999999948
1300 0.10586749999999956 0.06327620000000067
1500 0.12299859999999985 0.09389799999999937
3000 0.7317830999999995 0.6263284000000002
