20 0.0011451999999998463 0.00040439999999897225
30 0.002818200000000104 0.0005616000000010501
50 0.0012661000000004918 0.0001967000000000496
100 0.0014517000000004998 0.00013429999999914344
110 0.0025174999999997283 0.0002703999999997819
120 0.0015143999999995827 0.000140000000000029
140 0.001203700000001362 0.0001478999999999786
160 0.0030809999999998894 0.00015699999999974068
180 0.0033687999999987284 0.00014819999999993172
200 0.003580899999999332 0.00021970000000059997
500 0.022544699999999196 0.00033840000000040504
800 0.05563070000000003 0.00040309999999976753
1000 0.08684409999999865 0.0005225000000006474
1100 0.09964420000000018 0.00021279999999990196
1200 0.09799609999999959 0.0005609999999993676
1300 0.11609209999999948 0.000268000000000157
1500 0.1825694999999996 0.000959200000000493
3000 0.7639032999999991 0.0003648999999992242
