20 0.0011595999999993722 0.0004338000000005948
30 0.0010591999999993718 0.00029040000000080113
50 0.0027807000000006354 0.0002822000000000102
100 0.0031335000000005664 0.0002716999999998748
110 0.0033165000000003886 0.005204199999999659
120 0.0028278999999997723 0.00015150000000030417
140 0.0033975000000001643 0.00027020000000010924
160 0.004123899999999736 0.0003849000000002434
180 0.009134999999999671 0.0002741000000003879
200 0.012127800000000022 0.0003261999999999432
500 0.036870300000000356 0.0005851999999997304
800 0.10270109999999999 0.00025060000000021176
1000 0.1291658 0.00023969999999984282
1100 0.08887279999999986 0.0002133999999998082
1200 0.10769289999999998 0.00046140000000072234
1300 0.14296220000000037 0.00025839999999988095
1500 0.15456309999999984 0.00035249999999997783
3000 0.7343190000000002 0.00035199999999946385
