20 0.0025576999999969985 0.0005269000000005519
30 0.0012651999999988561 0.00026430000000132736
50 0.0012955999999988421 0.00212540000000061
100 0.0033127999999997826 0.00028290000000197324
110 0.003483999999996712 0.00034040000000246096
120 0.004126799999998099 0.0004048999999994862
140 0.006427499999997366 0.0005070000000024777
160 0.004758100000000098 0.0003695999999990818
180 0.024989200000000267 0.00020329999999901815
200 0.010151600000000371 0.0002268000000000825
500 0.018833000000000766 0.00018239999999991596
800 0.06201920000000172 0.0005620999999997878
1000 0.09541709999999881 0.0006306000000009249
1100 0.12875580000000042 0.0003817999999995436
1200 0.13691889999999773 0.0005875000000017394
1300 0.19223949999999945 0.0004311999999977445
1500 0.23160659999999922 0.0004082000000025232
3000 0.9670737999999979 0.000678800000002866
