20 0.008622899999998879 0.0030452000000007473
30 7.769999999851507e-05 2.309999999994261e-05
50 9.520000000051709e-05 1.8900000000598993e-05
100 0.0002639999999995979 0.00011420000000050834
110 0.001838700000000415 0.0004652000000007206
120 0.0006687000000002996 0.001031499999999852
140 0.00035959999999946035 0.00021219999999999573
160 0.0014451999999991472 0.00031800000000004047
180 0.0015979999999995442 0.00036910000000034415
200 0.0019596000000010605 0.00030579999999957863
500 0.01373840000000115 0.003785199999999378
800 0.030686799999999792 0.010890899999999704
1000 0.056853999999999516 0.020276700000000147
1100 0.0979840000000003 0.07992540000000048
1200 0.09636659999999964 0.042926899999999435
1300 0.10720249999999965 0.15793050000000086
1500 0.20937319999999993 0.09864010000000079
3000 0.6286073999999999 0.47306370000000086
