20 0.002364099999999425 0.00033909999999970353
30 0.0008647999999986666 0.00037100000000123146
50 0.0008968999999989791 0.00023220000000101493
100 0.0020080000000000098 0.00028589999999972804
110 0.0015767000000010967 0.00015269999999922845
120 0.0008237000000015371 0.0001488999999992302
140 0.008445899999999895 0.0007196999999994347
160 0.004494000000001108 0.000211799999998874
180 0.011786299999998917 0.00036670000000071923
200 0.006097499999999201 0.0066528000000012355
500 0.022144899999998913 0.0004356000000012017
800 0.07859090000000002 0.00019600000000075113
1000 0.08250739999999901 0.000286400000000242
1100 0.08291389999999943 0.00032290000000045893
1200 0.11673670000000058 0.00044269999999890786
1300 0.20742309999999975 0.0008035999999993493
1500 0.25521420000000106 0.00045319999999904326
3000 0.9622908999999975 0.00036670000000071923
