20 0.008448399999998912 0.004068000000000183
30 0.00010920000000069763 2.2899999999381748e-05
50 7.659999999987122e-05 0.00019179999999963115
100 0.0005740000000002965 0.002425999999999817
110 0.0006116000000009336 0.002783799999999559
120 0.0003766000000009484 0.0016698000000001656
140 0.0010554000000002617 0.0007201999999999487
160 0.0018507999999997082 0.0003334999999999866
180 0.002599000000000018 0.007580899999998891
200 0.007280400000000853 0.0120408999999988
500 0.012259900000000101 0.039418900000001145
800 0.06122260000000068 0.055661900000000486
1000 0.1231807000000007 0.025419199999999975
1100 0.08715090000000103 0.04625129999999977
1200 0.0889091999999998 0.049965399999999605
1300 0.13261140000000005 0.06765820000000033
1500 0.1391733999999989 0.11958420000000025
3000 0.6841263000000009 0.6532868999999994
