20 0.0036931000000000047 0.001214199999999943
30 0.0028424000000000227 0.0012083999999999984
50 0.0016836999999999547 0.0004066999999999821
100 0.002969100000000058 0.0005204999999999238
110 0.004688299999999979 0.0011271000000000475
120 0.002207500000000029 0.0003699000000000341
140 0.002466200000000085 0.0002581999999999862
160 0.0035406999999999522 0.00050400000000006
180 0.020549700000000004 0.0005867999999999984
200 0.010281600000000002 0.00039970000000000283
500 0.032979800000000004 0.00021320000000002448
800 0.0782198999999999 0.00044560000000004596
1000 0.10614469999999998 0.0004315000000000291
1100 0.11393550000000008 0.0002133999999999192
1200 0.16240370000000004 0.00023669999999986757
1300 0.3550826 0.00483699999999998
1500 0.38241499999999995 0.00033170000000004585
3000 0.9345606000000002 0.00041339999999978616
