20 0.0032671999999998036 0.0014158000000001891
30 0.002300099999999361 0.00096059999999909
50 0.0031831000000011045 0.0008501999999985799
100 0.01665260000000046 0.00032500000000013074
110 0.003167899999999335 0.0003599000000011898
120 0.0031778999999989566 0.000267499999999643
140 0.007230999999999099 0.0003849000000002434
160 0.006462100000000248 0.00016630000000006362
180 0.009138199999998875 0.0003632000000006741
200 0.006055399999999267 0.00018900000000066086
500 0.0930465999999992 0.008847000000002936
800 0.14393489999999787 0.0005532999999999788
1000 0.20532919999999777 0.00020389999999892439
1100 0.16081160000000239 0.0013647999999975013
1200 0.31071199999999877 0.0010067000000013593
1300 0.2474117999999983 0.00042649999999966326
1500 0.18172079999999724 0.0004929000000011285
3000 0.895601199999998 0.000504200000001731
