20 0.01307790000000253 0.0071044999999969605
30 0.00012119999999882225 2.4200000002139177e-05
50 0.0001050999999989699 1.7899999999571037e-05
100 0.0003604000000017038 9.370000000075152e-05
110 0.0004847000000012258 0.0001049999999978013
120 0.000261499999997028 0.00013090000000204327
140 0.0004822999999980482 0.0001697000000007165
160 0.0010018999999985567 0.0005149000000024273
180 0.0016680000000022233 0.0004100999999998578
200 0.002007500000001272 0.0002862999999990734
500 0.014195600000000752 0.003301799999999133
800 0.03945629999999767 0.007895200000000102
1000 0.053413299999999 0.018950500000002535
1100 0.07768400000000142 0.14719440000000006
1200 0.21042000000000272 0.10863119999999782
1300 0.13711430000000036 0.051438699999998505
1500 0.2032474999999998 0.08915939999999978
3000 0.7205100999999985 0.571197999999999
