20 0.014728999999999992 0.003315299999999688
30 0.0001718000000003883 7.420000000024629e-05
50 0.0014672999999998382 4.010000000054248e-05
100 0.0024549000000000376 9.049999999977132e-05
110 0.005169800000000002 0.0003247999999995699
120 0.00033110000000036166 0.00017800000000001148
140 0.0004113999999999507 0.000271200000000249
160 0.00179950000000062 0.00022979999999961365
180 0.002099499999999921 0.0004678000000000182
200 0.0020359000000000904 0.00035039999999941784
500 0.014953600000000122 0.003121700000000338
800 0.03918949999999999 0.011845200000000666
1000 0.06301619999999986 0.031182800000000732
1100 0.06768440000000009 0.04583639999999978
1200 0.07250380000000067 0.03660519999999945
1300 0.09022839999999999 0.043951299999999804
1500 0.12490289999999948 0.060543200000000574
3000 0.6861683000000003 0.620063
