20 0.009290500000000534 0.004000699999998858
30 0.00011220000000022878 2.239999999886777e-05
50 7.389999999851682e-05 2.0000000001019203e-05
100 0.0005080000000017293 0.005877599999999816
110 0.0010913999999999646 0.0046645000000005155
120 0.0007319999999992888 0.0010457000000005934
140 0.0009677000000003488 0.002906700000000484
160 0.0020850999999986186 0.006577100000001224
180 0.0029490000000009786 0.0003268999999992417
200 0.002998400000000956 0.0003032999999987851
500 0.014670799999999318 0.0461001999999997
800 0.04698030000000131 0.026022899999999183
1000 0.07542560000000087 0.0703573999999989
1100 0.09181140000000099 0.04377329999999979
1200 0.0960207999999998 0.06510360000000048
1300 0.1111898 0.06649069999999924
1500 0.1530775000000002 0.16401759999999932
3000 0.6751497999999998 0.6722397999999998
