20 0.0015103999999999118 0.00026950000000036667
30 0.004919400000000351 0.0008158999999996475
50 0.002487799999999929 0.00029639999999986344
100 0.007184699999999822 0.00047059999999987667
110 0.0038831999999997535 0.0003314000000003148
120 0.007077999999999918 0.0004131999999996694
140 0.0024311999999997447 0.0003711000000001796
160 0.01350819999999997 0.00041650000000004184
180 0.0060418999999996 0.00045300000000025875
200 0.007853100000000168 0.0003804999999998948
500 0.02656840000000038 0.00029559999999984043
800 0.05975300000000017 0.0002985999999998157
1000 0.11332239999999993 0.0002452000000001675
1100 0.12475589999999981 0.0012148000000000714
1200 0.1496360000000001 0.00021589999999971354
1300 0.18364080000000005 0.00036639999999987793
1500 0.21332759999999995 0.0002827000000000801
3000 1.1531621999999997 0.0005711000000001576
