20 0.019049700000000058 0.005557399999998935
30 0.00023739999999961015 4.239999999988697e-05
50 0.00018930000000061398 2.9099999999004922e-05
100 0.0013153999999993005 0.0012636000000014747
110 0.00040599999999990644 0.0011694999999996014
120 0.0003229999999998512 0.002185400000000115
140 0.0011103999999999559 0.007048400000000399
160 0.0017354000000011638 0.0013557999999989079
180 0.0035842999999999847 0.0005098999999990639
200 0.0022283999999999082 0.0006798999999997335
500 0.02882080000000009 0.0041589000000001874
800 0.05346720000000005 0.018137299999999357
1000 0.10309619999999953 0.05611730000000037
1100 0.11328530000000114 0.052469199999999105
1200 0.08705400000000019 0.03305459999999982
1300 0.09778079999999889 0.04536690000000121
1500 0.10637899999999867 0.0857556000000006
3000 0.5588420000000003 0.5585499000000009
