20 0.00103840000000055 0.0006206999999989193
30 0.0025908000000001152 0.0006208999999994802
50 0.005780800000000141 0.0003987999999992553
100 0.001947499999999991 0.00014409999999998035
110 0.0021484999999987764 0.00015150000000119235
120 0.0034460999999996744 0.0002464999999993722
140 0.0032636999999997585 0.00043890000000068596
160 0.0027069999999991268 0.0001411000000004492
180 0.0041773000000002725 0.00014509999999923195
200 0.009247000000000227 0.00017189999999978056
500 0.018280800000001207 0.0001857999999987925
800 0.04659670000000027 0.00022700000000064335
1000 0.08565329999999882 0.0002148000000001815
1100 0.088033900000001 0.00021499999999896602
1200 0.09973820000000089 0.00022079999999924382
1300 0.1265628999999997 0.0002733999999993131
1500 0.2690331999999991 0.00030650000000065347
3000 1.2534219999999987 0.00037739999999963914
