20 0.00849680000000319 3200
30 0.015382900000005861 7200
50 0.004490599999996903 20000
100 0.021425399999998263 80000
110 0.01039059999999381 96800
120 0.0191377000000017 115200
140 0.005016799999992827 156800
160 0.015323699999996165 204800
180 0.015336000000004901 259200
200 0.03237219999999752 320000
500 0.04104099999999278 2000000
800 0.05582700000000784 5120000
1000 0.08040390000000741 8000000
1100 0.08686649999999929 9680000
1200 0.10231880000000615 11520000
1300 0.16851580000000865 13520000
1500 0.1895273999999887 18000000
2000 0.40457769999999016 32000000
3000 1.0242046999999985 72000000
4000 2.834327299999998 128000000
