20 0.050945799999993824 6400
30 0.031193999999999278 14400
50 0.002365099999991571 40000
100 0.003594300000003159 160000
110 0.01658169999998904 193600
120 0.014878000000010161 230400
140 0.017959900000022344 313600
160 0.04644240000001787 409600
180 0.003639700000007906 518400
200 0.015801799999991317 640000
500 0.022504099999991922 4000000
800 0.05665930000000685 10240000
1000 0.08324399999997922 16000000
1100 0.1497791000000177 19360000
1200 0.14927240000000097 23040000
1300 0.26763270000000716 27040000
1500 0.3333208999999897 36000000
2000 0.7919323000000134 64000000
3000 2.1360224999999957 144000000
4000 4.08557669999999 256000000
