20 0.00800689999999804 3200
30 0.004931499999997868 7200
50 0.0024427999999971917 20000
100 0.008446599999999194 80000
110 0.009416000000001645 96800
120 0.0022092999999898666 115200
140 0.003195800000000304 156800
160 0.004425299999994081 204800
180 0.002696299999996654 259200
200 0.0029334000000034166 320000
500 0.018486899999999196 2000000
800 0.03026140000000055 5120000
1000 0.0607485999999966 8000000
1100 0.07429710000000966 9680000
1200 0.10665860000000293 11520000
1300 0.11327960000001269 13520000
1500 0.1556985999999938 18000000
2000 0.30843579999999804 32000000
3000 1.1311804000000052 72000000
4000 3.232344900000001 128000000
