20 0.009269400000007977 3200
30 0.008127399999992235 7200
50 0.0009638999999879161 20000
100 0.004142299999998045 80000
110 0.002702900000002728 96800
120 0.0021368999999964444 115200
140 0.0023945000000082928 156800
160 0.0022304999999960273 204800
180 0.005794900000012149 259200
200 0.0032362999999975273 320000
500 0.01593580000000827 2000000
800 0.03619150000000104 5120000
1000 0.06096840000000725 8000000
1100 0.06906560000000184 9680000
1200 0.08481689999999276 11520000
1300 0.1098762000000022 13520000
1500 0.14885359999999537 18000000
2000 0.5172331999999926 32000000
3000 1.067065999999997 72000000
4000 3.20784119999999 128000000
