20 0.009314199999998607 2400
30 0.005432799999994131 5400
50 0.0008861999999965064 15000
100 0.05999119999999891 60000
110 0.0063164999999969496 72600
120 0.002799899999999411 86400
140 0.0031432999999978506 117600
160 0.002348699999998871 153600
180 0.004116199999998571 194400
200 0.005113899999997784 240000
500 0.029319700000002058 1500000
800 0.06586870000000289 3840000
1000 0.08304859999999792 6000000
1100 0.0776299999999992 7260000
1200 0.10852150000000194 8640000
1300 0.16252739999999477 10140000
1500 0.19085450000000037 13500000
2000 0.3419310999999965 24000000
3000 1.142747 54000000
4000 2.5370427000000007 96000000
