20 0.023582599999997456 6400
30 0.00035379999999918255 14400
50 0.006291300000000888 40000
100 0.006596600000008834 160000
110 0.005842499999999973 193600
120 0.0026588000000060674 230400
140 0.004261200000001963 313600
160 0.0025158999999916887 409600
180 0.012285900000009065 518400
200 0.011243399999997905 640000
500 0.03725269999999625 4000000
800 0.1301346000000052 10240000
1000 0.13371709999999837 16000000
1100 0.15231660000000602 19360000
1200 0.195998000000003 23040000
1300 0.19525309999998797 27040000
1500 0.33274029999999755 36000000
2000 0.6308336000000025 64000000
3000 2.101653600000006 144000000
4000 4.155033799999998 256000000
