20 0.021104799999989154 6400
30 0.003572999999988724 14400
50 0.001000300000015386 40000
100 0.013601399999998876 160000
110 0.00929239999999254 193600
120 0.004023600000010674 230400
140 0.00937290000001667 313600
160 0.002093900000005533 409600
180 0.0073344999999847005 518400
200 0.01010490000001596 640000
500 0.024128100000012864 4000000
800 0.06678070000000957 10240000
1000 0.1036587000000111 16000000
1100 0.11521150000001512 19360000
1200 0.3382582000000127 23040000
1300 0.16930780000001278 27040000
1500 0.25366590000001565 36000000
2000 0.8525166999999954 64000000
3000 2.0202998000000036 144000000
4000 3.97121869999998 256000000
