20 0.021311599999989994 6400
30 0.013452199999989034 14400
50 0.0006155000000092059 40000
100 0.0014769999999941774 160000
110 0.0016363999999953194 193600
120 0.0026313999999842963 230400
140 0.0023491999999976088 313600
160 0.005825500000014472 409600
180 0.0033882999999832464 518400
200 0.002387300000009418 640000
500 0.018601899999993066 4000000
800 0.04702979999999002 10240000
1000 0.09910410000000525 16000000
1100 0.12256240000002094 19360000
1200 0.14054770000001326 23040000
1300 0.1638063000000045 27040000
1500 0.2717361999999923 36000000
2000 0.6653645000000097 64000000
3000 1.9642201999999997 144000000
4000 4.232694700000025 256000000
