20 0.007721699999997611 2400
30 0.01016740000000027 5400
50 0.00189980000000034 15000
100 0.019673600000000846 60000
110 0.009697299999999132 72600
120 0.008519299999999674 86400
140 0.011209099999998529 117600
160 0.012093999999997607 153600
180 0.03162219999999749 194400
200 0.027112100000000083 240000
500 0.04512889999999814 1500000
800 0.06466979999999722 3840000
1000 0.08096259999999944 6000000
1100 0.10974679999999992 7260000
1200 0.11922639999999873 8640000
1300 0.16563229999999862 10140000
1500 0.17533060000000233 13500000
2000 0.3489463999999991 24000000
3000 1.038253000000001 54000000
4000 2.5339487 96000000
