20 0.01125979999999771 3200
30 0.02502630000000039 7200
50 0.00133989999999784 20000
100 0.026976499999996406 80000
110 0.04442149999999856 96800
120 0.015346300000004476 115200
140 0.011094599999999843 156800
160 0.008271499999999321 204800
180 0.04449209999999937 259200
200 0.046446600000003 320000
500 0.04253179999999901 2000000
800 0.08313669999999718 5120000
1000 0.07879910000000478 8000000
1100 0.09876859999999965 9680000
1200 0.1227149000000054 11520000
1300 0.12558879999999562 13520000
1500 0.23178800000000166 18000000
2000 0.42084769999999594 32000000
3000 1.1719426000000013 72000000
4000 2.8884412999999967 128000000
