20 0.008796799999998939 2400
30 0.026361899999997718 5400
50 0.009017999999997528 15000
100 0.011306199999999933 60000
110 0.02706039999999632 72600
120 0.01016440000000074 86400
140 0.014975100000000907 117600
160 0.005447099999997818 153600
180 0.007806899999998507 194400
200 0.017355500000000745 240000
500 0.08587509999999554 1500000
800 0.06029840000000064 3840000
1000 0.08475520000000358 6000000
1100 0.11470150000000245 7260000
1200 0.14086309999999713 8640000
1300 0.14232119999999782 10140000
1500 0.19471080000000285 13500000
2000 0.42775600000000225 24000000
3000 1.237093299999998 54000000
4000 2.859424600000004 96000000
