20 0.033677399999987756 6400
30 0.0004020999999738706 14400
50 0.0012120999999751803 40000
100 0.0026184999999827596 160000
110 0.003591500000027281 193600
120 0.0018191000000342683 230400
140 0.0030590000000074724 313600
160 0.0032995999999911874 409600
180 0.01894240000001446 518400
200 0.00235290000000532 640000
500 0.02005650000000969 4000000
800 0.05025549999999157 10240000
1000 0.08861280000002125 16000000
1100 0.11578289999999924 19360000
1200 0.13543150000003834 23040000
1300 0.16098670000002357 27040000
1500 0.23842930000000706 36000000
2000 0.5988949000000048 64000000
3000 1.9183252000000266 144000000
4000 4.120598299999983 256000000
