20 0.017022299999979396 6400
30 0.000308200000006309 14400
50 0.0019580000000019027 40000
100 0.004675899999995181 160000
110 0.010320999999976266 193600
120 0.003244999999992615 230400
140 0.014278799999999592 313600
160 0.0059591000000125405 409600
180 0.007605200000000423 518400
200 0.0038510999999914475 640000
500 0.03514670000001274 4000000
800 0.11610780000000887 10240000
1000 0.16384990000000244 16000000
1100 0.17663350000000833 19360000
1200 0.18462590000001455 23040000
1300 0.22321039999999925 27040000
1500 0.32059269999999174 36000000
2000 0.5982001000000139 64000000
3000 1.9122535000000198 144000000
4000 3.9573985999999763 256000000
