20 0.01934420000000614 6400
30 0.004967300000004116 14400
50 0.0005783000000008087 40000
100 0.001552899999978763 160000
110 0.0024888000000089505 193600
120 0.004587899999989986 230400
140 0.0019455000000050404 313600
160 0.0018337999999857857 409600
180 0.0029557000000011158 518400
200 0.0064289999999971315 640000
500 0.016425500000025295 4000000
800 0.049340499999999565 10240000
1000 0.10181249999999409 16000000
1100 0.10104160000000206 19360000
1200 0.149263899999994 23040000
1300 0.20351790000000847 27040000
1500 0.24138969999998494 36000000
2000 0.5989989999999921 64000000
3000 2.0590295000000083 144000000
4000 4.263830200000001 256000000
