20 0.01125809999999916 2400
30 0.005959500000003004 5400
50 0.0014809999999982892 15000
100 0.022705800000004217 60000
110 0.004096900000000403 72600
120 0.00221220000000244 86400
140 0.006293700000000513 117600
160 0.0069710000000000605 153600
180 0.0044236000000026365 194400
200 0.024059099999995226 240000
500 0.04274209999999812 1500000
800 0.04322980000000598 3840000
1000 0.0663138000000032 6000000
1100 0.10046200000000027 7260000
1200 0.11832469999999518 8640000
1300 0.15356650000000371 10140000
1500 0.1861524999999986 13500000
2000 0.5117547999999985 24000000
3000 1.084166500000002 54000000
4000 2.694381899999996 96000000
