20 0.022888699999995765 6400
30 0.007727700000003779 14400
50 0.011434699999995246 40000
100 0.04151740000000359 160000
110 0.017806800000002454 193600
120 0.005127599999994459 230400
140 0.013951699999992684 313600
160 0.020319599999993443 409600
180 0.0026659999999907313 518400
200 0.002967499999996903 640000
500 0.06390040000000852 4000000
800 0.08863619999999628 10240000
1000 0.07773819999999887 16000000
1100 0.12082340000000613 19360000
1200 0.15891500000000747 23040000
1300 0.16354320000002076 27040000
1500 0.24142620000000647 36000000
2000 0.6183527999999967 64000000
3000 1.9212536 144000000
4000 3.991760499999998 256000000
