20 0.007985800000000154 3200
30 0.03241239999999834 7200
50 0.010853900000000749 20000
100 0.018674900000000605 80000
110 0.012240900000001886 96800
120 0.004084900000002278 115200
140 0.004494000000001108 156800
160 0.0035547999999963054 204800
180 0.003106299999998896 259200
200 0.006164000000005387 320000
500 0.0177447000000015 2000000
800 0.03828330000000335 5120000
1000 0.06174049999999909 8000000
1100 0.07087609999999955 9680000
1200 0.08913619999999867 11520000
1300 0.11673580000000072 13520000
1500 0.17860679999999718 18000000
2000 0.40023180000000025 32000000
3000 1.0847206999999983 72000000
4000 3.1231118000000038 128000000
