20 0.00020469999999761512 3360
30 0.0003813999999948692 7440
50 0.0009197999999983608 20400
100 0.0007154999999983147 80800
110 0.0008561000000000263 97680
120 0.0011249000000006504 116160
140 0.0003548999999978264 157920
160 0.0008997000000050548 206080
180 0.0013191000000034592 260640
200 0.0008522999999982517 321600
500 0.01393700000000564 2004000
800 0.03557659999999885 5126400
1000 0.0548460999999989 8008000
1100 0.069741300000004 9688800
1200 0.0778972999999965 11529600
1300 0.10102040000000301 13530400
1500 0.13011340000000615 18012000
