20 0.00023510000000470654 1760
30 0.0003129999999984534 3840
50 0.0004272000000042908 10400
100 0.0008340999999987275 40800
110 0.0009151000000002796 49280
120 0.0008267999999986841 58560
140 0.0010156000000023369 79520
160 0.0009864999999962265 103680
180 0.001236800000000926 131040
200 0.0020874000000006276 161600
500 0.007290200000007019 1004000
800 0.01585200000000242 2566400
1000 0.03944059999999894 4008000
1100 0.033843900000000815 4848800
1200 0.040058100000003094 5769600
1300 0.050036499999997375 6770400
1500 0.08305869999999516 9012000
