20 0.0002759000000054357 3360
30 0.0016731999999990421 7440
50 0.0009246999999987793 20400
100 0.04061490000000845 80800
110 0.13523879999999622 97680
120 0.01137830000000406 116160
140 0.014851800000002413 157920
160 0.0010431999999980235 206080
180 0.00313749999999402 260640
200 0.002155299999998306 321600
500 0.007137000000000171 2004000
800 0.020539200000001756 5126400
1000 0.04023520000001213 8008000
1100 0.04588359999999625 9688800
1200 0.06112550000000283 11529600
1300 0.5089719000000059 13530400
1500 0.12934599999999818 18012000
