20 0.0002729999999999677 1760
30 0.0004370999999991909 3840
50 0.0008315000000003181 10400
100 0.0007432999999998913 40800
110 0.0010037000000018281 49280
120 0.001197600000001131 58560
140 0.0003565000000023133 79520
160 0.0008382000000004552 103680
180 0.0016116999999979953 131040
200 0.0010536999999999352 161600
500 0.013650599999998292 1004000
800 0.03591830000000229 2566400
1000 0.052391000000000076 4008000
1100 0.06628429999999952 4848800
1200 0.07525189999999782 5769600
1300 0.08644059999999953 6770400
1500 0.12613890000000083 9012000
