20 0.0002518000000009124 3360
30 0.0003602999999969825 7440
50 0.0004942999999997255 20400
100 0.0009547000000011963 80800
110 0.001069200000003434 97680
120 0.001032899999998449 116160
140 0.002973700000005408 157920
160 0.0010903000000013208 206080
180 0.002099499999999921 260640
200 0.002214299999998559 321600
500 0.008146799999998677 2004000
800 0.020090000000003272 5126400
1000 0.03402160000000265 8008000
1100 0.0447868999999983 9688800
1200 0.053331599999999924 11529600
1300 0.0703948999999966 13530400
1500 0.09081350000000299 18012000
