20 0.002267800000000042 4800
30 0.001825100000000024 10800
50 0.0071200999999998515 30000
100 0.0016247999999998708 120000
110 0.0018735999999999198 145200
120 0.00211260000000002 172800
140 0.002995599999999987 235200
160 0.002696099999999868 307200
180 0.0033545999999999854 388800
200 0.0031402000000000374 480000
500 0.013658299999999901 3000000
800 0.02866279999999999 7680000
1000 0.04280039999999996 12000000
1100 0.05584149999999988 14520000
1200 0.06047520000000017 17280000
1300 0.07707350000000002 20280000
1500 0.10874220000000001 27000000
