20 0.0002594000000009089 1760
30 0.00012849999999886563 3840
50 0.00021260000000111745 10400
100 0.0003609000000004414 40800
110 0.00045839999999941483 49280
120 0.0004231000000025631 58560
140 0.0005486000000018976 79520
160 0.0005801000000005274 103680
180 0.0007780000000003895 131040
200 0.0008884000000008996 161600
500 0.0055821999999992045 1004000
800 0.012715700000001107 2566400
1000 0.02327019999999891 4008000
1100 0.030177399999999466 4848800
1200 0.037394300000002545 5769600
1300 0.04887809999999959 6770400
1500 0.05967560000000205 9012000
