20 0.0003315000000014834 3360
30 0.00020560000000102718 7440
50 0.00042900000001111493 20400
100 0.000473299999995902 80800
110 0.0005499999999898364 97680
120 0.0005117999999981748 116160
140 0.000857100000004607 157920
160 0.00083149999998966 206080
180 0.000953199999997878 260640
200 0.0014043000000043548 321600
500 0.007240899999999328 2004000
800 0.019307099999991806 5126400
1000 0.03368090000000734 8008000
1100 0.03801819999999623 9688800
1200 0.04523919999999748 11529600
1300 0.09028309999999351 13530400
1500 0.17269100000000037 18012000
