20 0.0002479000000050746 3360
30 0.0003390000000109694 7440
50 0.0008361000000007834 20400
100 0.0008602999999993699 80800
110 0.0008926999999943064 97680
120 0.000997599999990939 116160
140 0.0033698000000015327 157920
160 0.0011594000000059168 206080
180 0.0018077000000005228 260640
200 0.0021288000000083684 321600
500 0.007570299999997587 2004000
800 0.0201782000000037 5126400
1000 0.05427099999999996 8008000
1100 0.051192499999999086 9688800
1200 0.3895940999999965 11529600
1300 0.06150489999998854 13530400
1500 0.12768640000000175 18012000
