20 0.00024510000000077525 3360
30 0.0002195000000000391 7440
50 0.0003917999999956123 20400
100 0.0008480000000048449 80800
110 0.0009252999999986855 97680
120 0.0009299000000027036 116160
140 0.0010693999999986659 157920
160 0.0008641000000011445 206080
180 0.0013396000000014396 260640
200 0.0016309999999961633 321600
500 0.006931000000001575 2004000
800 0.01716220000000135 5126400
1000 0.03861940000000175 8008000
1100 0.034641799999995726 9688800
1200 0.043101100000001225 11529600
1300 0.052090200000002085 13530400
1500 0.08896289999999851 18012000
