20 0.00022159999999971092 1760
30 0.0003627000000001601 3840
50 0.0008505999999997016 10400
100 0.0006323000000030277 40800
110 0.000922400000000323 49280
120 0.0011420999999991466 58560
140 0.00034630000000035466 79520
160 0.0008364000000007366 103680
180 0.0014764999999989925 131040
200 0.0007790999999990333 161600
500 0.013173999999999353 1004000
800 0.03287019999999785 2566400
1000 0.050675200000000586 4008000
1100 0.06252230000000125 4848800
1200 0.09512929999999997 5769600
1300 0.0935812000000027 6770400
1500 0.1201276 9012000
