20 0.00024919999999895026 3360
30 0.0002932000000015478 7440
50 0.00035570000000006985 20400
100 0.0008394999999978836 80800
110 0.0023875000000117552 97680
120 0.0024585000000030277 116160
140 0.0018197999999927106 157920
160 0.0013227000000028966 206080
180 0.0012124000000000024 260640
200 0.0024417999999997164 321600
500 0.008478499999995392 2004000
800 0.02289900000000955 5126400
1000 0.04543019999999842 8008000
1100 0.049852999999998815 9688800
1200 0.05243749999999636 11529600
1300 0.07098009999999988 13530400
1500 0.11733210000001293 18012000
