20 0.0004039999999996269 1760
30 0.00040189999999995507 3840
50 0.000904800000000705 10400
100 0.0007668999999985715 40800
110 0.0008963000000008492 49280
120 0.0013070000000006132 58560
140 0.00036749999999940997 79520
160 0.0009585000000029709 103680
180 0.001474999999999227 131040
200 0.0007750000000008583 161600
500 0.013682799999997997 1004000
800 0.035682800000000015 2566400
1000 0.05164840000000126 4008000
1100 0.0648736999999997 4848800
1200 0.07846219999999704 5769600
1300 0.08615550000000027 6770400
1500 0.14935969999999799 9012000
