20 0.0022668000000010124 6400
30 0.0003206000000020026 14400
50 0.000446199999998953 40000
100 0.0035813000000004536 160000
110 0.007751799999994091 193600
120 0.0015521000000049412 230400
140 0.0018940000000000623 313600
160 0.0019246000000023855 409600
180 0.00282669999999996 518400
200 0.0028362000000043963 640000
500 0.012276700000001028 4000000
800 0.03458720000000426 10240000
1000 0.058133800000000235 16000000
1100 0.07627699999999749 19360000
1200 0.09428319999999957 23040000
1300 0.10921390000000031 27040000
1500 0.16791319999999388 36000000
