20 0.00020599999999149077 3360
30 0.00020059999999944012 7440
50 0.0003379999999992833 20400
100 0.0007427000000035378 80800
110 0.0008207999999996218 97680
120 0.0009320000000059281 116160
140 0.001343599999998446 157920
160 0.0009505000000018526 206080
180 0.0012105999999931782 260640
200 0.0014342000000056032 321600
500 0.007661299999995208 2004000
800 0.016854699999996114 5126400
1000 0.029250399999995125 8008000
1100 0.03569170000000099 9688800
1200 0.045951299999998696 11529600
1300 0.05156669999999508 13530400
1500 0.07301449999999932 18012000
