20 0.0002036000000060767 3360
30 0.00021030000000621385 7440
50 0.00037980000000459313 20400
100 0.0007327000000003636 80800
110 0.0008397000000002208 97680
120 0.0010345000000029358 116160
140 0.0011162999999925205 157920
160 0.0008656999999914206 206080
180 0.0013776999999919326 260640
200 0.0014833999999979142 321600
500 0.00654480000000035 2004000
800 0.01674970000000542 5126400
1000 0.02960170000000062 8008000
1100 0.03524009999999578 9688800
1200 0.05600389999999322 11529600
1300 0.054513000000000034 13530400
1500 0.07887279999999919 18012000
