20 0.00029440000000136024 3360
30 0.0006681999999997856 7440
50 0.0003908000000052425 20400
100 0.0013148999999970101 80800
110 0.000911800000004348 97680
120 0.001145600000000968 116160
140 0.0010995000000022515 157920
160 0.000934299999997279 206080
180 0.0014296999999956483 260640
200 0.002399400000001606 321600
500 0.007055299999997544 2004000
800 0.017440600000000472 5126400
1000 0.03075610000000495 8008000
1100 0.03633469999999761 9688800
1200 0.043426600000003646 11529600
1300 0.05327450000000056 13530400
1500 0.07830890000000323 18012000
