20 0.0002636999999978684 1760
30 0.00026639999999744646 3840
50 0.0003703000000001566 10400
100 0.001341899999999896 40800
110 0.001016599999999812 49280
120 0.0012922999999993579 58560
140 0.0011058000000012669 79520
160 0.000961900000000071 103680
180 0.001423900000002476 131040
200 0.0016764000000009105 161600
500 0.0071000000000012164 1004000
800 0.015234599999999432 2566400
1000 0.026503499999996905 4008000
1100 0.03317639999999855 4848800
1200 0.047260400000002534 5769600
1300 0.054193700000002565 6770400
1500 0.09421709999999806 9012000
