20 0.0018171000000108961 6400
30 0.0002518999999949756 14400
50 0.00048650000000804994 40000
100 0.0012581999999952131 160000
110 0.0014230999999966798 193600
120 0.0024302000000062662 230400
140 0.002407699999992019 313600
160 0.002045299999991812 409600
180 0.021889600000008613 518400
200 0.003951300000011315 640000
500 0.03518959999999538 4000000
800 0.2638307999999938 10240000
1000 0.08481290000000286 16000000
1100 0.0991382999999928 19360000
1200 0.11805139999999881 23040000
1300 0.3979137000000037 27040000
1500 0.18843220000000827 36000000
