20 0.00018900000000243722 1760
30 0.00013409999999680622 3840
50 0.0002214999999985423 10400
100 0.0004137999999969111 40800
110 0.0005129999999979873 49280
120 0.0003446000000018046 58560
140 0.0008738999999984287 79520
160 0.0007784000000015112 103680
180 0.0008972000000007085 131040
200 0.0012146999999984587 161600
500 0.006605499999999154 1004000
800 0.01688920000000138 2566400
1000 0.049228400000000505 4008000
1100 0.05910400000000138 4848800
1200 0.04123570000000143 5769600
1300 0.05233090000000118 6770400
1500 0.06688269999999719 9012000
