20 0.0005105000000007465 1760
30 0.0006357000000001278 3840
50 0.0010078000000000031 10400
100 0.0007505999999999347 40800
110 0.0010194999999981746 49280
120 0.001220299999999952 58560
140 0.0003506999999984828 79520
160 0.0008839999999992187 103680
180 0.0015704000000020812 131040
200 0.0008090000000002817 161600
500 0.01342480000000279 1004000
800 0.03410510000000144 2566400
1000 0.05512820000000218 4008000
1100 0.06060459999999779 4848800
1200 0.07253150000000019 5769600
1300 0.08934460000000044 6770400
1500 0.1171395000000004 9012000
