20 0.0002846000000005233 1760
30 0.0011729000000002543 3840
50 0.0004254000000010194 10400
100 0.0007437999999986289 40800
110 0.0009472000000023684 49280
120 0.0022411000000026604 58560
140 0.0012262999999990143 79520
160 0.000859200000000726 103680
180 0.0017649999999989063 131040
200 0.0022395000000017262 161600
500 0.0069821000000018785 1004000
800 0.01621359999999683 2566400
1000 0.031844099999997155 4008000
1100 0.03257560000000126 4848800
1200 0.05775519999999901 5769600
1300 0.04650519999999858 6770400
1500 0.06793499999999852 9012000
