20 0.0002861999999979048 1760
30 0.0012376000000031695 3840
50 0.0004975000000015939 10400
100 0.0011762999999973545 40800
110 0.0009488000000033026 49280
120 0.0011022999999994454 58560
140 0.0012465000000005944 79520
160 0.0010088999999950943 103680
180 0.0020152000000024373 131040
200 0.0019674999999992338 161600
500 0.011210200000000725 1004000
800 0.01798029999999784 2566400
1000 0.03501539999999892 4008000
1100 0.04258750000000333 4848800
1200 0.3430846000000045 5769600
1300 0.053879999999999484 6770400
1500 0.08807310000000257 9012000
