20 0.00036229999999193296 3360
30 0.0004270999999960168 7440
50 0.0006201000000061185 20400
100 0.0008871999999939817 80800
110 0.000858800000003157 97680
120 0.0008413999999987709 116160
140 0.0018017000000014605 157920
160 0.001787300000003711 206080
180 0.001298399999996036 260640
200 0.0016490999999945188 321600
500 0.00886350000000391 2004000
800 0.01929280000000233 5126400
1000 0.03072729999999524 8008000
1100 0.035129299999994146 9688800
1200 0.04402769999998668 11529600
1300 0.053132300000001464 13530400
1500 0.07785629999999344 18012000
