20 0.002287800000000395 4800
30 0.007490999999999914 10800
50 0.016633999999999816 30000
100 0.00503739999999997 120000
110 0.0018959000000000614 145200
120 0.0021936000000000178 172800
140 0.0028423000000001863 235200
160 0.003125700000000009 307200
180 0.0030492000000004182 388800
200 0.0041999999999999815 480000
500 0.013543799999999884 3000000
800 0.06258099999999978 7680000
1000 0.05290769999999956 12000000
1100 0.07236820000000055 14520000
1200 0.08565150000000088 17280000
1300 0.09953020000000024 20280000
1500 0.20088059999999963 27000000
