20 0.000498239995795302 1760.0
30 0.003458759997738525 3840.0
50 0.0017812199861509726 10400.0
100 0.004480629967292771 40800.0
110 0.002732489979825914 49280.0
120 0.0012380699976347388 58560.0
140 0.0020276600029319526 79520.0
160 0.0017855599871836603 103680.0
180 0.0049327700166031715 131040.0
200 0.004318950057495385 161600.0
500 0.017761479783803224 1004000.0
800 0.04795120973140001 2566400.0
1000 0.05725448951125145 4008000.0
1100 0.046230149641633037 4848800.0
1200 0.09763840883970261 5769600.0
1300 0.10214653089642525 6770400.0
1500 0.11136490032076836 9012000.0
