20 0.00026230000000282416 1760
30 0.0005364000000014357 3840
50 0.0004525999999955843 10400
100 0.0009774000000035699 40800
110 0.0011130999999977575 49280
120 0.0012011999999970158 58560
140 0.001459400000001665 79520
160 0.0020360000000039236 103680
180 0.0022949999999966053 131040
200 0.01117010000000107 161600
500 0.18197860000000077 1004000
800 0.0626016000000007 2566400
1000 0.03271170000000012 4008000
1100 0.0397062000000048 4848800
1200 0.06656540000000177 5769600
1300 0.05898510000000101 6770400
1500 0.09778419999999954 9012000
