20 0.0002851999999933241 3360
30 0.0002674999999925376 7440
50 0.0003613000000086686 20400
100 0.0012446000000068125 80800
110 0.002193399999995904 97680
120 0.000904800000000705 116160
140 0.0014539000000013402 157920
160 0.0011250999999958822 206080
180 0.0012717999999978247 260640
200 0.0015764000000046963 321600
500 0.00698750000000814 2004000
800 0.02025170000000287 5126400
1000 0.032497800000001575 8008000
1100 0.041820399999991764 9688800
1200 0.051104300000005765 11529600
1300 0.054329699999996706 13530400
1500 0.07777330000000404 18012000
