20 0.00018980000000112796 3360
30 0.00011200000000144428 7440
50 0.0002062999999949966 20400
100 0.00039619999999729316 80800
110 0.0003409999999988145 97680
120 0.000381300000000806 116160
140 0.0005013000000033685 157920
160 0.0008643999999975449 206080
180 0.0009286000000017225 260640
200 0.0009830999999991263 321600
500 0.006447100000002592 2004000
800 0.018016400000000488 5126400
1000 0.035516299999997614 8008000
1100 0.0392557999999994 9688800
1200 0.045065099999995084 11529600
1300 0.04985369999999989 13530400
1500 0.07092279999999818 18012000
