20 0.0002895000000009418 1760
30 0.00043930000000003133 3840
50 0.0011146000000010758 10400
100 0.001002499999998463 40800
110 0.0012022000000015964 49280
120 0.0011195999999991102 58560
140 0.0003455000000016639 79520
160 0.0008226999999969564 103680
180 0.0014690999999977805 131040
200 0.0007856999999980019 161600
500 0.013096799999999575 1004000
800 0.032156499999999255 2566400
1000 0.049705400000000566 4008000
1100 0.06719030000000004 4848800
1200 0.07178389999999979 5769600
1300 0.09472919999999974 6770400
1500 0.11530569999999685 9012000
