20 0.00014630000000082077 1760
30 0.00016160000000198238 3840
50 0.00022569999999788593 10400
100 0.0005138999999978466 40800
110 0.0006872999999991691 49280
120 0.0004273999999995226 58560
140 0.0004689999999989425 79520
160 0.0007857000000015546 103680
180 0.0009578999999995119 131040
200 0.0009820000000004825 161600
500 0.005220800000000025 1004000
800 0.01356389999999763 2566400
1000 0.027666599999999875 4008000
1100 0.05595450000000213 4848800
1200 0.07419069999999905 5769600
1300 0.053003900000000215 6770400
1500 0.071455499999999 9012000
