20 0.00039770000000061145 1760
30 0.00043379999999970664 3840
50 0.0009201999999994825 10400
100 0.0008016999999966856 40800
110 0.001203400000001409 49280
120 0.0011332999999993376 58560
140 0.0003568999999998823 79520
160 0.0008259000000023775 103680
180 0.0017439999999986355 131040
200 0.0008060999999983665 161600
500 0.013113499999999334 1004000
800 0.03284880000000001 2566400
1000 0.057903400000000715 4008000
1100 0.0709313999999992 4848800
1200 0.08159750000000088 5769600
1300 0.08612300000000062 6770400
1500 0.11590229999999835 9012000
