20 0.00029089999999598604 3360
30 0.0003199000000009278 7440
50 0.00044350000000292766 20400
100 0.0008733999999961384 80800
110 0.002492500000002451 97680
120 0.0009864000000021633 116160
140 0.0011580000000037671 157920
160 0.0011865000000028658 206080
180 0.0014740000000017517 260640
200 0.005930599999999231 321600
500 0.008951400000000831 2004000
800 0.018456800000002715 5126400
1000 0.030324200000002577 8008000
1100 0.03654789999999508 9688800
1200 0.04656639999999612 11529600
1300 0.06022310000000175 13530400
1500 0.07430500000000251 18012000
