20 0.0003425000000003564 1760
30 0.00730090000000061 3840
50 0.0004401999999998907 10400
100 0.0007374000000002212 40800
110 0.0008960000000008961 49280
120 0.0011435000000012963 58560
140 0.0015074000000012688 79520
160 0.0021415999999998547 103680
180 0.0019726999999996053 131040
200 0.0025164000000010844 161600
500 0.009193500000000299 1004000
800 0.23150859999999973 2566400
1000 0.04118459999999935 4008000
1100 0.03830759999999955 4848800
1200 0.04438169999999886 5769600
1300 0.0555160999999984 6770400
1500 0.3031043000000011 9012000
