20 0.0022812999999999306 4800
30 0.006556400000000018 10800
50 0.009745399999999904 30000
100 0.018027700000000202 120000
110 0.002312599999999776 145200
120 0.0027895999999998367 172800
140 0.04628380000000032 235200
160 0.03329749999999976 307200
180 0.003103799999999879 388800
200 0.013707599999999154 480000
500 0.016170100000000076 3000000
800 0.050662100000000265 7680000
1000 0.17238810000000004 12000000
1100 0.48128990000000016 14520000
1200 0.08134379999999997 17280000
1300 0.23076769999999946 20280000
1500 0.20494019999999935 27000000
