20 0.00017654999683145434 1760.0
30 0.00015273999742930754 3840.0
50 0.00020204000029480084 10400.0
100 0.00042632000404410066 40800.0
110 0.0005362700001569464 49280.0
120 0.00047856999444775286 58560.0
140 0.0006199300027219578 79520.0
160 0.000893249997170642 103680.0
180 0.0009944100107531994 131040.0
200 0.0011944800091441721 161600.0
500 0.0057886199094355105 1004000.0
800 0.01510725999251008 2566400.0
1000 0.03467672038823366 4008000.0
1100 0.06136613003909588 4848800.0
1200 0.05830879993736744 5769600.0
1300 0.05093388929963112 6770400.0
1500 0.06815558969974518 9012000.0
