20 0.0002802000000059479 3360
30 0.0003868000000011307 7440
50 0.0003670999999911828 20400
100 0.0006692000000043663 80800
110 0.001167599999988056 97680
120 0.0008509000000032074 116160
140 0.0011437000000000808 157920
160 0.001019100000007711 206080
180 0.001421700000008741 260640
200 0.002356100000000083 321600
500 0.023095200000000204 2004000
800 0.04561049999999511 5126400
1000 0.03472340000000429 8008000
1100 0.037997799999999415 9688800
1200 0.044942399999996496 11529600
1300 0.055267099999994684 13530400
1500 0.07972730000000183 18012000
