20 0.00020150000000285218 3360
30 0.00020220000000392702 7440
50 0.0003409000000118567 20400
100 0.0008717999999987569 80800
110 0.0016897999999940794 97680
120 0.00287219999999877 116160
140 0.001219500000004814 157920
160 0.0009583000000077391 206080
180 0.001380399999987958 260640
200 0.0017030000000062273 321600
500 0.011144000000001597 2004000
800 0.057688699999999926 5126400
1000 0.03989630000000943 8008000
1100 0.05335110000000043 9688800
1200 0.0612520000000103 11529600
1300 0.08600369999999202 13530400
1500 0.11158519999999328 18012000
