20 0.00025439999999932184 1760
30 0.00011000000000294108 3840
50 0.00020649999999733382 10400
100 0.0004196000000007416 40800
110 0.0004293000000004099 49280
120 0.0006348999999978844 58560
140 0.0006074999999974295 79520
160 0.0008879999999997779 103680
180 0.0007896000000009451 131040
200 0.002016399999998697 161600
500 0.006078500000000986 1004000
800 0.013570900000001274 2566400
1000 0.024826700000001978 4008000
1100 0.045085799999998954 4848800
1200 0.03725430000000074 5769600
1300 0.04636160000000089 6770400
1500 0.06557959999999952 9012000
