20 0.0002792999999954304 1760
30 0.0002668999999997368 3840
50 0.0004972999999992567 10400
100 0.0013165999999955602 40800
110 0.0023118999999951484 49280
120 0.001386700000004737 58560
140 0.0014843000000013262 79520
160 0.0010754999999988968 103680
180 0.0015232999999952312 131040
200 0.0020071000000001504 161600
500 0.023590200000001005 1004000
800 0.01657430000000204 2566400
1000 0.030510400000004267 4008000
1100 0.08689059999999671 4848800
1200 0.08446820000000343 5769600
1300 0.06472569999999678 6770400
1500 0.14101630000000398 9012000
