20 0.00024569999999357606 3360
30 0.0021009999999961337 7440
50 0.0004345000000114396 20400
100 0.0012042000000036523 80800
110 0.004082400000001485 97680
120 0.004478800000001115 116160
140 0.0012878000000000611 157920
160 0.0010134000000050492 206080
180 0.0016481999999911068 260640
200 0.001942700000000741 321600
500 0.009837000000004537 2004000
800 0.03812160000001086 5126400
1000 0.03487520000000188 8008000
1100 0.04572220000000016 9688800
1200 0.05333760000000609 11529600
1300 0.06454189999999471 13530400
1500 0.6125517999999914 18012000
