20 0.0022140900196973234 4800.0
30 0.006077219941653311 10800.0
50 0.0027496399939991533 30000.0
100 0.006257500010542571 120000.0
110 0.006338599894661456 145200.0
120 0.01958241071552038 172800.0
140 0.010530519974417984 235200.0
160 0.02661343936342746 307200.0
180 0.006971129961311817 388800.0
200 0.011589309922419489 480000.0
500 0.019241190422326325 3000000.0
800 0.03258715011179447 7680000.0
1000 0.05258101038634777 12000000.0
1100 0.11532218009233475 14520000.0
1200 0.18531114980578423 17280000.0
1300 0.13046557158231736 20280000.0
1500 0.16475090980529786 27000000.0
