20 0.00026019999999959964 1760
30 0.0015649999999993724 3840
50 0.00043099999999896 10400
100 0.0007844999999946367 40800
110 0.008735800000003735 49280
120 0.0012656999999975937 58560
140 0.0015441999999978862 79520
160 0.0010840999999999212 103680
180 0.0016555999999994242 131040
200 0.002041099999999574 161600
500 0.008853100000003167 1004000
800 0.017151300000001868 2566400
1000 0.034649500000000444 4008000
1100 0.03998490000000032 4848800
1200 0.07079250000000314 5769600
1300 0.05740769999999884 6770400
1500 0.08480269999999734 9012000
