20 0.00025679999999894676 1760
30 0.0002855999999997749 3840
50 0.00045330000000021187 10400
100 0.0012554999999991878 40800
110 0.0012917999999988439 49280
120 0.0008033999999987884 58560
140 0.0010358000000003642 79520
160 0.0008695999999996928 103680
180 0.00145449999999947 131040
200 0.001993199999999362 161600
500 0.007350100000000026 1004000
800 0.01624330000000107 2566400
1000 0.02648280000000014 4008000
1100 0.03216519999999967 4848800
1200 0.040446699999998614 5769600
1300 0.0524483 6770400
1500 0.08977860000000071 9012000
