20 0.0002673000000008585 1760
30 0.0010083000000022935 3840
50 0.002591200000001237 10400
100 0.0013092999999990695 40800
110 0.001077000000002215 49280
120 0.0009687999999989927 58560
140 0.0013871999999999218 79520
160 0.0017683000000019433 103680
180 0.0014924999999976762 131040
200 0.0017367000000021449 161600
500 0.007022899999999055 1004000
800 0.017645900000001546 2566400
1000 0.03642570000000234 4008000
1100 0.053246600000001365 4848800
1200 0.038184000000001106 5769600
1300 0.05078280000000035 6770400
1500 0.0729526000000007 9012000
