20 0.00029460000000014475 1760
30 0.00459809999999905 3840
50 0.002383800000000491 10400
100 0.007955500000001337 40800
110 0.004721299999999928 49280
120 0.001188500000001369 58560
140 0.0016102000000017824 79520
160 0.0018101000000001477 103680
180 0.0020790999999995563 131040
200 0.0030777999999997974 161600
500 0.024097699999998667 1004000
800 0.052914499999999975 2566400
1000 0.036490100000001746 4008000
1100 0.03886759999999967 4848800
1200 0.045858499999997804 5769600
1300 0.05914410000000103 6770400
1500 0.10814880000000215 9012000
