20 0.00023019999999718266 1760
30 0.00023749999999722604 3840
50 0.0003771000000014624 10400
100 0.0007863000000014608 40800
110 0.0007760000000018863 49280
120 0.0008314000000027022 58560
140 0.001102400000000614 79520
160 0.0008595999999982951 103680
180 0.0013060000000066907 131040
200 0.0016150999999950955 161600
500 0.006619199999995828 1004000
800 0.014870600000001843 2566400
1000 0.026883300000001498 4008000
1100 0.033171600000002854 4848800
1200 0.03915959999999785 5769600
1300 0.06511959999999561 6770400
1500 0.06960430000000173 9012000
