20 0.00036473001091508195 3360.0
30 0.0030012100338353775 7440.0
50 0.0030261799664003776 20400.0
100 0.0018012800079304724 80800.0
110 0.0014602999901399017 97680.0
120 0.0017164500313811004 116160.0
140 0.0015955200069583952 157920.0
160 0.0024599399825092406 206080.0
180 0.0019884099951013924 260640.0
200 0.0026282899896614255 321600.0
500 0.011644189851358533 2004000.0
800 0.042965590581297876 5126400.0
1000 0.04003187976777554 8008000.0
1100 0.04500421062111855 9688800.0
1200 0.08742225058376789 11529600.0
1300 0.06761033907532692 13530400.0
1500 0.2326930694282055 18012000.0
