20 0.007110600000004297 3360
30 0.0026377000000081807 7440
50 0.004897399999990171 20400
100 0.0006731000000002041 80800
110 0.003886799999989421 97680
120 0.001981299999997077 116160
140 0.0008891000000090798 157920
160 0.0011894000000012284 206080
180 0.002313099999994961 260640
200 0.0015222999999906506 321600
500 0.02083229999999503 2004000
800 0.049003100000007294 5126400
1000 0.06789159999999583 8008000
1100 0.07394639999999697 9688800
1200 0.0885908999999998 11529600
1300 0.10656199999999671 13530400
1500 0.13286620000000937 18012000
