20 0.0002885999999975297 1760
30 0.00043540000000064083 3840
50 0.0010256999999995742 10400
100 0.0014524000000015747 40800
110 0.0008885999999996841 49280
120 0.0012563000000014313 58560
140 0.0003637000000011881 79520
160 0.0008286999999995714 103680
180 0.001480399999998383 131040
200 0.0009473999999976002 161600
500 0.013680999999998278 1004000
800 0.0370014999999988 2566400
1000 0.05770419999999987 4008000
1100 0.05930400000000091 4848800
1200 0.07174799999999948 5769600
1300 0.08886359999999982 6770400
1500 0.11473229999999646 9012000
