20 0.00022000000000588216 1760
30 0.0002501000000023623 3840
50 0.00038239999999944985 10400
100 0.0010376000000036356 40800
110 0.0011162000000055627 49280
120 0.0008807999999973504 58560
140 0.002049800000001767 79520
160 0.0009609000000025958 103680
180 0.0014524999999991905 131040
200 0.0015974000000014144 161600
500 0.007897599999999727 1004000
800 0.015410500000001548 2566400
1000 0.02901119999999935 4008000
1100 0.03182809999999847 4848800
1200 0.04922089999999457 5769600
1300 0.050267600000005075 6770400
1500 0.07110320000000314 9012000
