20 0.002241099999999996 4800
30 0.0004727999999998289 10800
50 0.0006241999999998527 30000
100 0.0016057000000002652 120000
110 0.0032296000000000546 145200
120 0.002246700000000157 172800
140 0.0028695999999999167 235200
160 0.005633599999999905 307200
180 0.005048199999999614 388800
200 0.0037834000000001033 480000
500 0.013933500000000265 3000000
800 0.027238899999999955 7680000
1000 0.04675930000000017 12000000
1100 0.06705830000000024 14520000
1200 0.0755827 17280000
1300 0.08995860000000011 20280000
1500 0.13717690000000005 27000000
