20 0.0018785999999995084 1760
30 0.0003232999999998043 3840
50 0.0004293000000004099 10400
100 0.0007339000000001761 40800
110 0.0008461000000004049 49280
120 0.0008792999999993611 58560
140 0.0011513000000000773 79520
160 0.0011577000000002613 103680
180 0.0018992999999998261 131040
200 0.0025050000000010897 161600
500 0.006799800000001355 1004000
800 0.01600059999999992 2566400
1000 0.033467099999999306 4008000
1100 0.047290499999999014 4848800
1200 0.04275439999999975 5769600
1300 0.08962380000000003 6770400
1500 0.07062980000000074 9012000
