20 0.001884800000006237 6400
30 0.00030579999999957863 14400
50 0.00033669999999830225 40000
100 0.0024417999999997164 160000
110 0.0014012999999977183 193600
120 0.002805600000002073 230400
140 0.006362899999999172 313600
160 0.00259460000000189 409600
180 0.0025677000000001726 518400
200 0.002773200000000031 640000
500 0.013851500000001238 4000000
800 0.10529820000000001 10240000
1000 0.5786682000000027 16000000
1100 0.10019299999999731 19360000
1200 0.11442869999999772 23040000
1300 0.16587600000000435 27040000
1500 0.21959149999999994 36000000
