20 0.00013080000000087466 3360
30 0.00015150000000119235 7440
50 0.00020860000000055834 20400
100 0.00036789999999342626 80800
110 0.00039419999999523725 97680
120 0.0004439000000004967 116160
140 0.0005436000000003105 157920
160 0.0007091000000016834 206080
180 0.0008776000000025874 260640
200 0.0009409000000033529 321600
500 0.0070855999999963615 2004000
800 0.01934630000000226 5126400
1000 0.03158449999999391 8008000
1100 0.04039550000000247 9688800
1200 0.04479769999999661 11529600
1300 0.05563240000000036 13530400
1500 0.07260789999999417 18012000
