20 0.0005367999999990047 1760
30 0.0002919000000005667 3840
50 0.0003814999999960378 10400
100 0.0008819000000030996 40800
110 0.0009525999999979717 49280
120 0.0009287999999969543 58560
140 0.001325600000001259 79520
160 0.0013847999999967442 103680
180 0.0021743000000000734 131040
200 0.0025215000000002874 161600
500 0.008192899999997394 1004000
800 0.01767600000000158 2566400
1000 0.0402684000000022 4008000
1100 0.04202049999999957 4848800
1200 0.046957599999998934 5769600
1300 0.05430480000000415 6770400
1500 0.08223849999999544 9012000
