20 0.00031887000077404084 3360.0
30 0.0028868800640339033 7440.0
50 0.0008010499965166673 20400.0
100 0.005466729932231828 80800.0
110 0.014923319651279599 97680.0
120 0.005359059991315007 116160.0
140 0.003274080017581582 157920.0
160 0.004132820060476661 206080.0
180 0.005204280000180006 260640.0
200 0.00262756998417899 321600.0
500 0.012860910082235933 2004000.0
800 0.03337216041982174 5126400.0
1000 0.09370190910995006 8008000.0
1100 0.05726105906069279 9688800.0
1200 0.11603262722492218 11529600.0
1300 0.12856395319104194 13530400.0
1500 0.21337709203362465 18012000.0
