20 0.00012610000000279342 1760
30 6.600000000034356e-05 3840
50 0.00017629999999968504 10400
100 0.0003871999999986997 40800
110 0.00037859999999767524 49280
120 0.00035209999999707975 58560
140 0.0005031999999971504 79520
160 0.000727499999999992 103680
180 0.0008981000000005679 131040
200 0.0013854000000002031 161600
500 0.005298599999999709 1004000
800 0.014213500000000323 2566400
1000 0.02421899999999866 4008000
1100 0.03308140000000037 4848800
1200 0.03666020000000003 5769600
1300 0.04603039999999936 6770400
1500 0.06049119999999775 9012000
