20 0.00012130000000354357 3360
30 6.350000000310274e-05 7440
50 0.0001735999999965543 20400
100 0.000309000000001447 80800
110 0.0003525999999993701 97680
120 0.00037299999999618194 116160
140 0.0004668999999992707 157920
160 0.0006653000000014231 206080
180 0.0008343000000010647 260640
200 0.0010457999999999856 321600
500 0.006107000000000085 2004000
800 0.014985600000002819 5126400
1000 0.027393299999999954 8008000
1100 0.03428770000000014 9688800
1200 0.045858899999998926 11529600
1300 0.05188009999999821 13530400
1500 0.06893199999999666 18012000
