20 0.00018080000000075813 1760
30 0.0001373999999998432 3840
50 0.00019700000000000273 10400
100 0.00033260000000012724 40800
110 0.0003671000000000646 49280
120 0.00040610000000107505 58560
140 0.0004799000000001996 79520
160 0.000585300000000899 103680
180 0.0008871999999993108 131040
200 0.0009429000000000798 161600
500 0.006496800000000746 1004000
800 0.013694199999999768 2566400
1000 0.02344229999999925 4008000
1100 0.0315051000000004 4848800
1200 0.0397767999999985 5769600
1300 0.0432863999999995 6770400
1500 0.0628547000000026 9012000
