20 0.00021279999999990196 3360
30 0.00024150000000133787 7440
50 0.00043039999999905376 20400
100 0.0010194999999981746 80800
110 0.0010850999999973965 97680
120 0.0012018000000040274 116160
140 0.0021277999999966823 157920
160 0.0011538999999913813 206080
180 0.0016262000000040189 260640
200 0.001998400000005063 321600
500 0.009751000000008503 2004000
800 0.01932700000000409 5126400
1000 0.03668110000000979 8008000
1100 0.06167870000000164 9688800
1200 0.04985509999998783 11529600
1300 0.06192439999999522 13530400
1500 0.10570769999999641 18012000
