20 0.0002587000000033868 3360
30 0.009174699999988434 7440
50 0.02054610000000423 20400
100 0.02405400000000668 80800
110 0.059543199999993135 97680
120 0.03171360000000334 116160
140 0.036162199999992595 157920
160 0.031164200000006304 206080
180 0.022463400000006573 260640
200 0.0035100000000056752 321600
500 0.025634900000000016 2004000
800 0.025735999999994874 5126400
1000 0.040383799999986536 8008000
1100 0.050429600000001074 9688800
1200 0.2719833999999963 11529600
1300 0.06976620000000366 13530400
1500 0.09828849999999534 18012000
