20 0.00027760000000043306 1760
30 0.0018124000000021567 3840
50 0.0003866999999999621 10400
100 0.0008820000000007155 40800
110 0.000917699999998689 49280
120 0.000892000000000337 58560
140 0.0010435999999991452 79520
160 0.0008821999999995 103680
180 0.002316900000000288 131040
200 0.001473900000000583 161600
500 0.00610849999999985 1004000
800 0.015617599999998788 2566400
1000 0.02671579999999807 4008000
1100 0.10605849999999961 4848800
1200 0.04103680000000054 5769600
1300 0.04797640000000314 6770400
1500 0.06962529999999845 9012000
