20 0.000278600000001461 3360
30 0.00039939999999916154 7440
50 0.0011137999999988324 20400
100 0.0005548999999973603 80800
110 0.0008613999999980138 97680
120 0.00122109999999509 116160
140 0.0006298000000057868 157920
160 0.0009908999999979073 206080
180 0.0013514000000043325 260640
200 0.0008532999999957269 321600
500 0.015537600000001817 2004000
800 0.0345216999999991 5126400
1000 0.06232940000000298 8008000
1100 0.06383840000000163 9688800
1200 0.07629790000000014 11529600
1300 0.08899060000000247 13530400
1500 0.12440020000000374 18012000
