20 0.00016139999999964516 1760
30 0.00010699999999985721 3840
50 0.00021119999999896777 10400
100 0.00036900000000272826 40800
110 0.00045849999999703073 49280
120 0.0003530000000004918 58560
140 0.0004918000000024847 79520
160 0.0007745000000021207 103680
180 0.0009800999999995952 131040
200 0.0010031999999995378 161600
500 0.0055468999999988 1004000
800 0.014764400000000677 2566400
1000 0.02651859999999928 4008000
1100 0.03130700000000175 4848800
1200 0.041139899999997454 5769600
1300 0.04340859999999935 6770400
1500 0.06881869999999779 9012000
