20 0.0016589000000024612 6400
30 0.0002520999999973128 14400
50 0.0005883000000039829 40000
100 0.001417500000002292 160000
110 0.0021462999999997123 193600
120 0.0015208999999956063 230400
140 0.0022333000000003267 313600
160 0.002058200000000454 409600
180 0.0021241000000031818 518400
200 0.0027717000000038183 640000
500 0.014501899999999068 4000000
800 0.03384330000000091 10240000
1000 0.060782199999998454 16000000
1100 0.08443059999999747 19360000
1200 0.09493820000000142 23040000
1300 0.21089729999999918 27040000
1500 0.21427620000000047 36000000
