20 0.0019252000000022917 6400
30 0.00026009999999843103 14400
50 0.0004236999999989166 40000
100 0.001271299999999087 160000
110 0.0014916000000013696 193600
120 0.0015451999999953614 230400
140 0.0019086999999942122 313600
160 0.0017542000000005942 409600
180 0.0025718999999995162 518400
200 0.002865299999996296 640000
500 0.012512999999998442 4000000
800 0.033775399999996125 10240000
1000 0.05645549999999844 16000000
1100 0.07162230000000136 19360000
1200 0.10014969999999579 23040000
1300 0.14736620000000045 27040000
1500 0.1769318999999996 36000000
