20 0.0004144999999979859 1760
30 0.0004335999999973694 3840
50 0.0009575000000019429 10400
100 0.0007162000000029423 40800
110 0.0011515000000024145 49280
120 0.0011259999999992942 58560
140 0.0003929999999989775 79520
160 0.000697100000000006 103680
180 0.0014694999999989022 131040
200 0.0009098000000022921 161600
500 0.01414919999999853 1004000
800 0.03503260000000097 2566400
1000 0.05433039999999778 4008000
1100 0.06961069999999836 4848800
1200 0.07868429999999904 5769600
1300 0.0915530000000011 6770400
1500 0.12622149999999976 9012000
