20 0.0002345000000048003 3360
30 0.0002649999999988495 7440
50 0.00037079999999889424 20400
100 0.0007480000000015252 80800
110 0.0008866999999952441 97680
120 0.001642599999996719 116160
140 0.0010465000000010605 157920
160 0.0008404999999953588 206080
180 0.001231699999991065 260640
200 0.0015709000000043716 321600
500 0.0070297999999979766 2004000
800 0.016794599999997217 5126400
1000 0.03543369999999868 8008000
1100 0.035821200000000886 9688800
1200 0.04297499999999843 11529600
1300 0.05145879999999181 13530400
1500 0.07251850000000104 18012000
