20 0.00222089999999997 4800
30 0.00048360000000002845 10800
50 0.0006392000000000619 30000
100 0.001511800000000063 120000
110 0.001844300000000021 145200
120 0.0020837000000000216 172800
140 0.0033719000000000943 235200
160 0.002202499999999996 307200
180 0.0024195999999999662 388800
200 0.002970999999999946 480000
500 0.01463890000000001 3000000
800 0.03108449999999985 7680000
1000 0.05449629999999983 12000000
1100 0.055773300000000026 14520000
1200 0.059680600000000084 17280000
1300 0.07535039999999982 20280000
1500 0.13906859999999988 27000000
