20 0.00027920000000136724 1760
30 0.0004514000000028773 3840
50 0.0004895000000004757 10400
100 0.0015514000000038664 40800
110 0.0010025999999996316 49280
120 0.002532399999999768 58560
140 0.0014523000000039588 79520
160 0.0012214000000057013 103680
180 0.00248300000000512 131040
200 0.0020147000000036996 161600
500 0.007979200000001185 1004000
800 0.019489300000003595 2566400
1000 0.043141699999999616 4008000
1100 0.03826190000000196 4848800
1200 0.04598719999999901 5769600
1300 0.0597171000000003 6770400
1500 0.09714019999999834 9012000
