20 0.00019359999999934985 1760
30 0.00013649999999998386 3840
50 0.00020950000000041769 10400
100 0.0003753000000017437 40800
110 0.0004364999999992847 49280
120 0.00043949999999881584 58560
140 0.0005571999999993693 79520
160 0.0006385000000008745 103680
180 0.0009013000000024363 131040
200 0.0009540000000001214 161600
500 0.005724899999997035 1004000
800 0.014087599999999867 2566400
1000 0.024184500000000497 4008000
1100 0.03048509999999993 4848800
1200 0.035384900000000385 5769600
1300 0.04930949999999967 6770400
1500 0.06310260000000056 9012000
