20 0.00027580000000071436 1760
30 0.0010963999999997753 3840
50 0.0004355000000000331 10400
100 0.004739199999999499 40800
110 0.0009782999999998765 49280
120 0.001139700000001298 58560
140 0.001499799999999496 79520
160 0.001372299999999882 103680
180 0.0020268999999988324 131040
200 0.002067500000000777 161600
500 0.009539000000000186 1004000
800 0.02431179999999955 2566400
1000 0.028845099999999846 4008000
1100 0.032754699999999914 4848800
1200 0.039236200000001276 5769600
1300 0.04649960000000064 6770400
1500 0.06701720000000044 9012000
