20 0.0002791999999942618 3360
30 0.0002556999999967502 7440
50 0.0003697000000073558 20400
100 0.0007761999999900127 80800
110 0.0008692999999908579 97680
120 0.0009998000000024376 116160
140 0.0011703999999923553 157920
160 0.0009175999999939677 206080
180 0.0018780999999989945 260640
200 0.0017153000000007523 321600
500 0.0067248999999947046 2004000
800 0.01691110000000151 5126400
1000 0.029389100000003054 8008000
1100 0.035707000000002154 9688800
1200 0.04635879999999304 11529600
1300 0.05418210000000556 13530400
1500 0.0763312000000127 18012000
