20 0.00043949999999881584 1760
30 0.0034965000000006796 3840
50 0.0004802000000019291 10400
100 0.0008074000000029002 40800
110 0.0017963999999999203 49280
120 0.0010677000000001158 58560
140 0.001267599999998481 79520
160 0.0011736000000013291 103680
180 0.002011299999999494 131040
200 0.0019679999999979714 161600
500 0.009421299999999633 1004000
800 0.016432999999999254 2566400
1000 0.027624100000000595 4008000
1100 0.033106199999998864 4848800
1200 0.03845429999999794 5769600
1300 0.07589959999999962 6770400
1500 0.07581129999999803 9012000
