20 0.00022429999999928896 3360
30 0.0007772999999957619 7440
50 0.0004697999999905278 20400
100 0.001158599999996568 80800
110 0.001626999999999157 97680
120 0.0011336000000028434 116160
140 0.001338599999996859 157920
160 0.001344399999993584 206080
180 0.0027059000000093647 260640
200 0.0028362000000043963 321600
500 0.007512000000005514 2004000
800 0.018397100000001387 5126400
1000 0.03815610000000902 8008000
1100 0.041634199999990074 9688800
1200 0.047328000000007364 11529600
1300 0.055134600000002365 13530400
1500 0.07276749999999765 18012000
