20 0.0022986000000004836 4800
30 0.000813399999999298 10800
50 0.0007400999999997993 30000
100 0.0013137999999992545 120000
110 0.0035986999999995106 145200
120 0.002022400000000424 172800
140 0.002059799999999612 235200
160 0.002103299999999919 307200
180 0.0027890999999993227 388800
200 0.02885050000000078 480000
500 0.01227659999999986 3000000
800 0.029890500000000486 7680000
1000 0.040692499999999576 12000000
1100 0.05372380000000021 14520000
1200 0.06320179999999986 17280000
1300 0.10891830000000002 20280000
1500 0.7976546000000004 27000000
