20 0.002086200000000815 1760
30 0.0016130000000060818 3840
50 0.0018651000000033946 10400
100 0.0014150000000014984 40800
110 0.0021850999999983856 49280
120 0.0030837999999988597 58560
140 0.0028375999999994406 79520
160 0.011786300000004246 103680
180 0.010230900000003373 131040
200 0.002903099999997494 161600
500 0.029969100000002413 1004000
800 0.03750670000000156 2566400
1000 0.03554849999999732 4008000
1100 0.05238830000000405 4848800
1200 0.14491530000000097 5769600
1300 0.10005129999999696 6770400
1500 0.19862590000000324 9012000
