20 0.00028890000000103555 3360
30 0.0003600000000005821 7440
50 0.0008827000000053431 20400
100 0.0007280000000093878 80800
110 0.0011388000000067677 97680
120 0.0013959000000056676 116160
140 0.0005476999999984855 157920
160 0.0007680999999877258 206080
180 0.0018820999999888954 260640
200 0.0007389999999958263 321600
500 0.013251400000001468 2004000
800 0.04257780000000366 5126400
1000 0.061002199999990125 8008000
1100 0.07581930000000625 9688800
1200 0.08302529999998853 11529600
1300 0.10025370000001033 13530400
1500 0.13804799999999773 18012000
