20 0.00028840000000229793 1760
30 0.0004692999999988956 3840
50 0.0006600000000034356 10400
100 0.0010515000000026475 40800
110 0.0010242999999974245 49280
120 0.0010035000000030436 58560
140 0.0011057999999977142 79520
160 0.0008414999999999395 103680
180 0.0015074000000012688 131040
200 0.0018962000000044554 161600
500 0.006677500000002112 1004000
800 0.01721690000000109 2566400
1000 0.028113900000001024 4008000
1100 0.03580050000000057 4848800
1200 0.04794409999999516 5769600
1300 0.049675600000000486 6770400
1500 0.06695100000000309 9012000
