20 0.003079500000005453 1760
30 0.011291300000003446 3840
50 0.0004598000000015645 10400
100 0.13486089999999962 40800
110 0.10109539999999839 49280
120 0.0026873999999992293 58560
140 0.005401899999995408 79520
160 0.018915299999996193 103680
180 0.008107899999998835 131040
200 0.02151219999999654 161600
500 0.033497100000005275 1004000
800 0.02261920000000117 2566400
1000 0.03469510000000042 4008000
1100 0.045816899999998384 4848800
1200 0.2631231000000014 5769600
1300 0.06248130000000174 6770400
1500 0.08296990000000193 9012000
