20 0.0002592999999997403 1760
30 0.0002699000000010443 3840
50 0.0006117000000003259 10400
100 0.0008771000000002971 40800
110 0.0013367000000013007 49280
120 0.0022116000000007574 58560
140 0.0010602000000012879 79520
160 0.0008195000000004171 103680
180 0.0014500000000001734 131040
200 0.0016294999999999504 161600
500 0.007543699999999376 1004000
800 0.016822899999999308 2566400
1000 0.027931000000000594 4008000
1100 0.03463630000000073 4848800
1200 0.047689999999999344 5769600
1300 0.05424529999999983 6770400
1500 0.06768630000000009 9012000
