20 0.00026459999999417505 3360
30 0.00028340000000071086 7440
50 0.0023611999999957334 20400
100 0.006815700000004199 80800
110 0.0011576999999931559 97680
120 0.0011746000000130152 116160
140 0.0013557999999989079 157920
160 0.0015345000000053233 206080
180 0.0030079000000000633 260640
200 0.004229399999999828 321600
500 0.00955229999999574 2004000
800 0.028920200000001728 5126400
1000 0.04196410000000128 8008000
1100 0.04437940000001106 9688800
1200 0.30504969999999787 11529600
1300 0.3460426000000041 13530400
1500 0.09963190000000566 18012000
