20 0.000222900000000692 1760
30 0.00038629999999884035 3840
50 0.0013414000000011583 10400
100 0.0007346999999988668 40800
110 0.0010049000000016406 49280
120 0.0011234000000008848 58560
140 0.00035030000000091377 79520
160 0.000826100000001162 103680
180 0.0014500999999995656 131040
200 0.0007774999999980992 161600
500 0.013375599999999821 1004000
800 0.032961199999999025 2566400
1000 0.051371699999997134 4008000
1100 0.07027069999999824 4848800
1200 0.07096459999999993 5769600
1300 0.08510949999999795 6770400
1500 0.12017580000000194 9012000
