20 0.002332899999998972 3360
30 0.00032060000000910804 7440
50 0.0003640000000046939 20400
100 0.00761669999999981 80800
110 0.002506499999995526 97680
120 0.0012657000000046992 116160
140 0.0013294000000030337 157920
160 0.0009743999999898278 206080
180 0.001412700000003042 260640
200 0.0024343999999985044 321600
500 0.008445399999999381 2004000
800 0.0194041000000027 5126400
1000 0.03568710000000408 8008000
1100 0.053508399999998346 9688800
1200 0.07337289999999541 11529600
1300 0.06528210000000456 13530400
1500 0.0909981000000073 18012000
