20 0.0003274000000033084 6400
30 0.00025020000000353093 14400
50 0.00044189999999844076 40000
100 0.0013240000000038776 160000
110 0.0018412999999952717 193600
120 0.0014548000000047523 230400
140 0.001697400000004734 313600
160 0.0017277000000035514 409600
180 0.0022401999999956956 518400
200 0.002831000000000472 640000
500 0.012662999999996316 4000000
800 0.03248529999999761 10240000
1000 0.056391100000006134 16000000
1100 0.0854143000000036 19360000
1200 0.12495280000000264 23040000
1300 0.1236928000000006 27040000
1500 0.17081739999999712 36000000
