20 0.0003547999999966578 3360
30 0.0005541000000022223 7440
50 0.0005138000000002307 20400
100 0.0025958999999957655 80800
110 0.005931599999996706 97680
120 0.0016352999999966755 116160
140 0.0013065999999994915 157920
160 0.0016450999999975124 206080
180 0.009836200000002293 260640
200 0.003240499999996871 321600
500 0.0105925999999954 2004000
800 0.02180479999999818 5126400
1000 0.03529129999999725 8008000
1100 0.04639519999999919 9688800
1200 0.05605520000000297 11529600
1300 0.06385970000000185 13530400
1500 0.08232849999999559 18012000
