20 0.0002639999999942688 1760
30 0.0002649000000047863 3840
50 0.0004611000000025456 10400
100 0.001364100000003532 40800
110 0.0009782999999998765 49280
120 0.0011642999999992298 58560
140 0.0014439999999993347 79520
160 0.001304499999996267 103680
180 0.0018827999999970757 131040
200 0.0019546000000048025 161600
500 0.0120933999999977 1004000
800 0.018586399999996672 2566400
1000 0.028686700000001508 4008000
1100 0.03944460000000305 4848800
1200 0.04700769999999466 5769600
1300 0.060377799999997706 6770400
1500 0.0885973999999976 9012000
