20 0.00023609999999507636 3360
30 0.00013669999999876836 7440
50 0.0015398000000033107 20400
100 0.0005518000000037659 80800
110 0.0010382000000035418 97680
120 0.0005592000000049779 116160
140 0.0005803999999969278 157920
160 0.0007762000000042235 206080
180 0.0008188000000046713 260640
200 0.0012630000000015684 321600
500 0.005776100000005613 2004000
800 0.01552329999999813 5126400
1000 0.030168299999999704 8008000
1100 0.036534000000003175 9688800
1200 0.04207350000000076 11529600
1300 0.057380599999994786 13530400
1500 0.08188729999999822 18012000
