20 0.00020659999999850243 3360
30 0.00021300000000223918 7440
50 0.0005534000000011474 20400
100 0.0011523999999951684 80800
110 0.0009067000000015923 97680
120 0.0008623000000085312 116160
140 0.0009968999999898642 157920
160 0.0008365999999995211 206080
180 0.0018598000000054071 260640
200 0.001564800000011246 321600
500 0.007286600000000476 2004000
800 0.01699750000000222 5126400
1000 0.03230499999999381 8008000
1100 0.03615899999999783 9688800
1200 0.06165180000000703 11529600
1300 0.05629229999999552 13530400
1500 0.07588910000001192 18012000
