20 0.0015446000000025606 3360
30 0.00034420000000068285 7440
50 0.0005730000000028213 20400
100 0.0005762000000046896 80800
110 0.000884999999996694 97680
120 0.0009686000000002082 116160
140 0.0006048000000049569 157920
160 0.0011021000000042136 206080
180 0.0015950000000017894 260640
200 0.0015874000000053456 321600
500 0.019269000000001313 2004000
800 0.04719419999999985 5126400
1000 0.08327799999999996 8008000
1100 0.07500499999999732 9688800
1200 0.07954870000000369 11529600
1300 0.12425700000000006 13530400
1500 0.12976160000000192 18012000
