20 0.00016159999999842967 3360
30 0.00010029999999972006 7440
50 0.0001756999999997788 20400
100 0.00034459999999825186 80800
110 0.00033299999999769625 97680
120 0.000334900000005689 116160
140 0.0004824000000027695 157920
160 0.0005980000000036512 206080
180 0.0007380999999995197 260640
200 0.0009710999999938963 321600
500 0.006243999999995253 2004000
800 0.0159901999999974 5126400
1000 0.03396640000000417 8008000
1100 0.03542940000000527 9688800
1200 0.04394950000000364 11529600
1300 0.04846080000000086 13530400
1500 0.06640500000000316 18012000
