20 0.0003413999999963835 3360
30 0.006976899999997954 7440
50 0.00047530000000506334 20400
100 0.0008535999999992328 80800
110 0.002655099999998356 97680
120 0.0015259000000042988 116160
140 0.0015441999999978862 157920
160 0.0014656999999971276 206080
180 0.0017451999999877899 260640
200 0.00342170000000408 321600
500 0.010841900000002624 2004000
800 0.024923499999999876 5126400
1000 0.03777750000000424 8008000
1100 0.04717759999999771 9688800
1200 0.05839590000000783 11529600
1300 0.07147630000000049 13530400
1500 0.09544259999999838 18012000
