20 0.00021879999999896427 3360
30 0.0004556999999962841 7440
50 0.0011398999999983062 20400
100 0.0005622999999985723 80800
110 0.0008292000000054145 97680
120 0.0011112000000039757 116160
140 0.000521800000001349 157920
160 0.0008224000000041087 206080
180 0.0014676999999991835 260640
200 0.0008558999999976891 321600
500 0.013051300000000765 2004000
800 0.03335939999999482 5126400
1000 0.05644680000000335 8008000
1100 0.06606520000000415 9688800
1200 0.08159160000000298 11529600
1300 0.09539340000000607 13530400
1500 0.1228710000000035 18012000
