20 0.0002863999999931366 3360
30 0.0002704999999991742 7440
50 0.00037230000000931796 20400
100 0.000724800000000414 80800
110 0.0013992000000087046 97680
120 0.0021520000000094797 116160
140 0.0025692999999904487 157920
160 0.0009702999999916528 206080
180 0.0013556999999906338 260640
200 0.0017916000000042231 321600
500 0.012789200000000278 2004000
800 0.018610699999996427 5126400
1000 0.03103020000000356 8008000
1100 0.03766539999999452 9688800
1200 0.050284399999995344 11529600
1300 0.06506199999999751 13530400
1500 0.08485720000000185 18012000
