20 0.0003109999999999502 1760
30 0.0012593999999985783 3840
50 0.0006303000000009717 10400
100 0.0009232000000025664 40800
110 0.0011775999999983355 49280
120 0.00107579999999885 58560
140 0.0013375999999993837 79520
160 0.0013755000000017503 103680
180 0.001637099999999947 131040
200 0.0024332999999998606 161600
500 0.009632500000002153 1004000
800 0.020769600000001276 2566400
1000 0.028663099999999275 4008000
1100 0.04609310000000022 4848800
1200 0.04612940000000165 5769600
1300 0.10802130000000076 6770400
1500 0.10101929999999726 9012000
