20 0.0002194000000024232 1760
30 0.0010839999999987526 3840
50 0.0005052999999968222 10400
100 0.000918699999999717 40800
110 0.001094699999999449 49280
120 0.0009552000000034866 58560
140 0.0011191999999979885 79520
160 0.0009833000000014636 103680
180 0.0014676000000015677 131040
200 0.00162560000000056 161600
500 0.008097599999999261 1004000
800 0.015201799999999821 2566400
1000 0.026784400000000375 4008000
1100 0.031682599999999894 4848800
1200 0.03788709999999895 5769600
1300 0.054972899999999214 6770400
1500 0.07115779999999816 9012000
