20 0.0017278999999987832 6400
30 0.0002500000000011937 14400
50 0.00110610000000122 40000
100 0.0012676999999996497 160000
110 0.0018362999999936847 193600
120 0.004055599999993831 230400
140 0.0055558999999973935 313600
160 0.0019581000000030713 409600
180 0.002364699999994002 518400
200 0.002985799999997596 640000
500 0.01376780000000366 4000000
800 0.03925840000000136 10240000
1000 0.07041650000000033 16000000
1100 0.306875600000005 19360000
1200 0.1055825999999982 23040000
1300 0.15394890000000316 27040000
1500 0.2109775000000056 36000000
