20 0.0002592000000021244 1760
30 0.0003072000000017283 3840
50 0.00044149999999731904 10400
100 0.000969699999998852 40800
110 0.0008763999999992222 49280
120 0.0009714000000009548 58560
140 0.0012374999999984482 79520
160 0.00097069999999988 103680
180 0.0013777000000025907 131040
200 0.002229899999999674 161600
500 0.008145800000001202 1004000
800 0.015961199999999565 2566400
1000 0.03534010000000265 4008000
1100 0.03685209999999728 4848800
1200 0.042223700000000974 5769600
1300 0.0586779999999969 6770400
1500 0.07165690000000069 9012000
