20 0.0027069999999991268 4800
30 0.005926200000001103 10800
50 0.0056088999999985845 30000
100 0.0015423000000005516 120000
110 0.006299999999999528 145200
120 0.004002700000000914 172800
140 0.003701700000000585 235200
160 0.0035290000000003374 307200
180 0.006070499999999868 388800
200 0.003925699999999921 480000
500 0.017227300000000056 3000000
800 0.09923539999999953 7680000
1000 0.07586660000000123 12000000
1100 0.5039549000000001 14520000
1200 0.08843479999999992 17280000
1300 0.10375709999999927 20280000
1500 0.15068600000000032 27000000
