20 0.00021600000000177033 1760
30 0.0002801999999988425 3840
50 0.0008144000000029905 10400
100 0.0009122999999995329 40800
110 0.0012769999999981962 49280
120 0.0009334999999985882 58560
140 0.0011143999999987386 79520
160 0.0008644000000010976 103680
180 0.0016084999999996796 131040
200 0.0015226999999988777 161600
500 0.0076275999999992905 1004000
800 0.017253900000000044 2566400
1000 0.028733800000001253 4008000
1100 0.03726750000000223 4848800
1200 0.047111799999999704 5769600
1300 0.04729299999999981 6770400
1500 0.07004170000000087 9012000
