20 0.0027615999999994756 4800
30 0.004657000000001688 10800
50 0.0007998999999987433 30000
100 0.0019328000000005119 120000
110 0.0020028000000014146 145200
120 0.002396599999999083 172800
140 0.004286000000000456 235200
160 0.0037324999999999164 307200
180 0.003067299999999662 388800
200 0.005482399999999998 480000
500 0.019357199999999963 3000000
800 0.036110200000001313 7680000
1000 0.0658896999999996 12000000
1100 0.06957500000000039 14520000
1200 0.08392450000000018 17280000
1300 0.11365299999999934 20280000
1500 0.1075759999999999 27000000
