20 0.0010509000000098467 3360
30 0.0017847000000017488 7440
50 0.003553999999994062 20400
100 0.0012413000000037755 80800
110 0.0010108999999971502 97680
120 0.0013612999999992326 116160
140 0.0012266999999894779 157920
160 0.001091299999998796 206080
180 0.001950899999997091 260640
200 0.0033794999999940956 321600
500 0.009939799999997945 2004000
800 0.018232100000005858 5126400
1000 0.03107459999999662 8008000
1100 0.037779999999997926 9688800
1200 0.05034700000000214 11529600
1300 0.072743200000005 13530400
1500 0.07607059999999422 18012000
