20 0.0001680999999997823 1760
30 0.00010690000000224131 3840
50 0.00020299999999906504 10400
100 0.00038230000000183395 40800
110 0.00033810000000045193 49280
120 0.0003604999999993197 58560
140 0.0006877999999979068 79520
160 0.000807200000000563 103680
180 0.0009703999999999269 131040
200 0.0009563999999997463 161600
500 0.005545800000000156 1004000
800 0.013984699999998185 2566400
1000 0.024271399999999943 4008000
1100 0.03217740000000191 4848800
1200 0.03601499999999902 5769600
1300 0.044755500000000836 6770400
1500 0.06472219999999851 9012000
