20 0.0016903999999939856 6400
30 0.00023559999999633874 14400
50 0.0003531999999992763 40000
100 0.001184899999998379 160000
110 0.0012708000000003494 193600
120 0.0013554000000013389 230400
140 0.0016341999999980317 313600
160 0.002717199999999309 409600
180 0.0019666999999969903 518400
200 0.0023012999999991735 640000
500 0.012384900000000698 4000000
800 0.03080630000000184 10240000
1000 0.06424709999999578 16000000
1100 0.13036079999999828 19360000
1200 0.10072089999999889 23040000
1300 0.12387470000000178 27040000
1500 0.17545630000000045 36000000
