20 0.00022209999999844854 1760
30 0.0022796999999989964 3840
50 0.0004927999999999599 10400
100 0.0007745000000021207 40800
110 0.0008151000000005126 49280
120 0.0008340999999987275 58560
140 0.0023468999999991524 79520
160 0.0008603999999969858 103680
180 0.0014380000000002724 131040
200 0.001610300000002951 161600
500 0.006950599999999696 1004000
800 0.01546679999999867 2566400
1000 0.027002599999999433 4008000
1100 0.03363600000000133 4848800
1200 0.041713300000001396 5769600
1300 0.05836659999999938 6770400
1500 0.07161869999999837 9012000
