20 0.00027959999999893625 3360
30 0.0006844000000043593 7440
50 0.00044710000000236505 20400
100 0.000931899999997654 80800
110 0.0009944999999973447 97680
120 0.0016135999999988826 116160
140 0.0024634999999975093 157920
160 0.001154499999998393 206080
180 0.0015688999999952102 260640
200 0.0020851000000021713 321600
500 0.008358699999995167 2004000
800 0.02170600000000178 5126400
1000 0.034607199999996396 8008000
1100 0.038315799999999456 9688800
1200 0.04698090000000121 11529600
1300 0.0580223999999987 13530400
1500 0.0904972000000015 18012000
