20 0.0003111999999987347 1760
30 0.00030079999999799156 3840
50 0.0008619000000003041 10400
100 0.0008480999999989081 40800
110 0.0009474999999987688 49280
120 0.0020705000000020846 58560
140 0.0010763999999987561 79520
160 0.0009757000000014671 103680
180 0.0027197999999977185 131040
200 0.0015540000000022758 161600
500 0.007094699999999676 1004000
800 0.018273099999998266 2566400
1000 0.030986899999998485 4008000
1100 0.03714129999999827 4848800
1200 0.04128649999999823 5769600
1300 0.04769250000000014 6770400
1500 0.08095299999999739 9012000
