20 0.0002233999999958769 3360
30 0.0002502999999904887 7440
50 0.0004168999999905054 20400
100 0.0007808000000011361 80800
110 0.0008946000000094045 97680
120 0.0010374999999953616 116160
140 0.0012406000000027007 157920
160 0.0010931000000056201 206080
180 0.0012526000000008253 260640
200 0.0018339000000082706 321600
500 0.006742500000001428 2004000
800 0.03956200000000365 5126400
1000 0.05150169999998866 8008000
1100 0.0549192000000005 9688800
1200 0.32822769999999934 11529600
1300 0.0984756999999945 13530400
1500 0.11291020000000174 18012000
