20 0.00022059999999868296 3360
30 0.0003182000000023777 7440
50 0.0007830999999995925 20400
100 0.0005829000000048268 80800
110 0.0008559999999988577 97680
120 0.0011299999999963006 116160
140 0.000363199999995345 157920
160 0.0008896999999947752 206080
180 0.0016315000000020063 260640
200 0.0013033999999976231 321600
500 0.014921699999995042 2004000
800 0.03390259999999756 5126400
1000 0.053344099999996786 8008000
1100 0.06554909999999836 9688800
1200 0.07579109999999645 11529600
1300 0.10183349999999791 13530400
1500 0.12874120000000033 18012000
