20 0.00021590000000060172 1760
30 0.00034600000000040154 3840
50 0.0008531000000004951 10400
100 0.0007429999999999382 40800
110 0.001018300000001915 49280
120 0.0012282999999975175 58560
140 0.0005696999999997843 79520
160 0.0012832999999972117 103680
180 0.0017230999999995333 131040
200 0.0008169000000002313 161600
500 0.014985499999998098 1004000
800 0.033540000000002124 2566400
1000 0.11160539999999841 4008000
1100 0.06668489999999849 4848800
1200 0.07194150000000121 5769600
1300 0.09414559999999739 6770400
1500 0.12353959999999731 9012000
