20 0.0002862999999990734 3360
30 0.00041269999999826723 7440
50 0.0011260999999933574 20400
100 0.0005853999999914095 80800
110 0.0008409000000000333 97680
120 0.0012161999999875661 116160
140 0.0003741999999959944 157920
160 0.0007193999999941525 206080
180 0.0014632999999975027 260640
200 0.0008373000000005959 321600
500 0.015889399999991838 2004000
800 0.036374899999998433 5126400
1000 0.06168060000000253 8008000
1100 0.07184599999999364 9688800
1200 0.08443099999999504 11529600
1300 0.10762819999999351 13530400
1500 0.1348263000000003 18012000
