20 0.002299399999998286 6400
30 0.0008294000000006463 14400
50 0.0016943999999980974 40000
100 0.0046110000000041396 160000
110 0.003840900000000147 193600
120 0.004100699999995072 230400
140 0.009721700000000055 313600
160 0.005172500000000468 409600
180 0.01507039999999904 518400
200 0.14274969999999598 640000
500 0.032963299999998696 4000000
800 0.04733350000000058 10240000
1000 0.0593837999999991 16000000
1100 0.08512029999999982 19360000
1200 0.0938900000000018 23040000
1300 0.11171099999999967 27040000
1500 0.17830150000000344 36000000
