20 0.0006134000000000417 4800
30 0.0008471999999999924 10800
50 0.000808299999999984 30000
100 0.002072499999999977 120000
110 0.002638699999999994 145200
120 0.002144099999999982 172800
140 0.0020830000000000015 235200
160 0.002480099999999985 307200
180 0.002626200000000023 388800
200 0.0032250999999999808 480000
500 0.011218400000000017 3000000
800 0.031107700000000016 7680000
1000 0.044550900000000004 12000000
1100 0.056077799999999955 14520000
1200 0.0608322 17280000
1300 0.07685580000000003 20280000
1500 0.10813329999999999 27000000
