20 0.00028329999999954225 3360
30 0.00024890000000254986 7440
50 0.00037280000000095015 20400
100 0.0013015000000038413 80800
110 0.0008873000000022557 97680
120 0.0009184999999973797 116160
140 0.0010363000000026545 157920
160 0.001007899999997619 206080
180 0.001279499999995437 260640
200 0.0016224000000022443 321600
500 0.007398899999998321 2004000
800 0.029501199999998562 5126400
1000 0.0392177000000018 8008000
1100 0.035604199999994535 9688800
1200 0.043711800000004075 11529600
1300 0.06677760000000177 13530400
1500 0.09584110000000123 18012000
