20 0.00047313999821199106 3360.0
30 0.0015744900170830078 7440.0
50 0.0011724300304194913 20400.0
100 0.008693289908114821 80800.0
110 0.002548910054611042 97680.0
120 0.0076490501349326225 116160.0
140 0.00468247999669984 157920.0
160 0.0022945899690967053 206080.0
180 0.004091329977381974 260640.0
200 0.002745489950757474 321600.0
500 0.010606869962066412 2004000.0
800 0.02646913006901741 5126400.0
1000 0.07840933054685592 8008000.0
1100 0.049962279945611955 9688800.0
1200 0.09373338893055916 11529600.0
1300 0.1273411102592945 13530400.0
1500 0.14574463963508605 18012000.0
