20 0.0003110999999975661 3360
30 0.0004064000000028045 7440
50 0.0009142999999980361 20400
100 0.0006304000000056931 80800
110 0.0009311999999965792 97680
120 0.0012242999999969584 116160
140 0.0003591999999983386 157920
160 0.0007418000000001257 206080
180 0.001868700000002832 260640
200 0.0008677000000005819 321600
500 0.013583699999998089 2004000
800 0.035270800000006375 5126400
1000 0.06131729999999891 8008000
1100 0.06684140000000127 9688800
1200 0.0751081999999954 11529600
1300 0.09296160000000242 13530400
1500 0.12219980000000419 18012000
