20 0.0002818000000033294 3360
30 0.00047370000000057644 7440
50 0.00043449999999722877 20400
100 0.001015299999998831 80800
110 0.0012349000000000387 97680
120 0.0010919999999998709 116160
140 0.0012676999999996497 157920
160 0.001316100000003928 206080
180 0.0024252999999987424 260640
200 0.0019374000000027536 321600
500 0.008039599999996483 2004000
800 0.019674899999998274 5126400
1000 0.03370869999999826 8008000
1100 0.044103999999997257 9688800
1200 0.05239819999999895 11529600
1300 0.06038759999999854 13530400
1500 0.08867569999999603 18012000
