20 0.00025320000000128573 1760
30 0.003262199999999993 3840
50 0.00047900000000034026 10400
100 0.00517660000000042 40800
110 0.001300500000001037 49280
120 0.001162199999999558 58560
140 0.001161000000001522 79520
160 0.005326300000000117 103680
180 0.0014461000000007829 131040
200 0.003498000000000445 161600
500 0.010261299999999807 1004000
800 0.020124700000000217 2566400
1000 0.2054866000000004 4008000
1100 0.0414677999999995 4848800
1200 0.04674289999999992 5769600
1300 0.0588873999999997 6770400
1500 0.08417539999999946 9012000
