20 0.00028840000000229793 1760
30 0.0003148999999993407 3840
50 0.0011059000000059882 10400
100 0.0009282999999982167 40800
110 0.001050700000000404 49280
120 0.0011331000000041058 58560
140 0.0012062999999997714 79520
160 0.0010462999999987233 103680
180 0.0014538000000001716 131040
200 0.0015093000000021561 161600
500 0.006573000000003049 1004000
800 0.016088699999997402 2566400
1000 0.028314799999996865 4008000
1100 0.03155689999999822 4848800
1200 0.039105300000002785 5769600
1300 0.05607080000000053 6770400
1500 0.06624550000000085 9012000
