20 0.0001259000000004562 3360
30 6.810000000001537e-05 7440
50 0.00013780000000451764 20400
100 0.0002859000000015044 80800
110 0.00031550000000635237 97680
120 0.00038430000000033715 116160
140 0.0005240999999998053 157920
160 0.0007495999999989067 206080
180 0.0007834999999971615 260640
200 0.0009292999999956919 321600
500 0.005496800000003077 2004000
800 0.015197900000003983 5126400
1000 0.028420099999998172 8008000
1100 0.033511799999999425 9688800
1200 0.04582349999999735 11529600
1300 0.04936940000000334 13530400
1500 0.07009959999999893 18012000
