20 0.00022560000000027003 1760
30 0.00026640000000099917 3840
50 0.0003925999999978558 10400
100 0.0007906000000019731 40800
110 0.0008717000000046937 49280
120 0.0011408999999957814 58560
140 0.0014169000000023857 79520
160 0.00170280000000389 103680
180 0.0013342999999963467 131040
200 0.001489800000001651 161600
500 0.006579999999999586 1004000
800 0.02157969999999665 2566400
1000 0.04221480000000355 4008000
1100 0.031292700000001616 4848800
1200 0.047182700000000466 5769600
1300 0.04666019999999804 6770400
1500 0.07550820000000158 9012000
