20 0.0022992000000030544 6400
30 0.000301600000000235 14400
50 0.000423200000000179 40000
100 0.0013491999999999393 160000
110 0.0014773000000047887 193600
120 0.0015642000000042344 230400
140 0.0020915999999999713 313600
160 0.0018855000000002065 409600
180 0.004458400000004303 518400
200 0.0034494999999949982 640000
500 0.015713200000000427 4000000
800 0.03448769999999968 10240000
1000 0.059355600000003506 16000000
1100 0.07838509999999843 19360000
1200 0.09167989999999548 23040000
1300 0.1207540999999992 27040000
1500 0.18655749999999927 36000000
