20 0.000206199999993828 3360
30 0.0002882999999940239 7440
50 0.0007678000000055363 20400
100 0.0005554000000032033 80800
110 0.0008307999999956905 97680
120 0.0011051000000037448 116160
140 0.0003562999999999761 157920
160 0.0007347000000024195 206080
180 0.0014432999999982599 260640
200 0.0006939000000016904 321600
500 0.012554200000003846 2004000
800 0.033259600000000944 5126400
1000 0.05367599999999584 8008000
1100 0.08401579999999598 9688800
1200 0.07844949999999784 11529600
1300 0.10701000000000249 13530400
1500 0.2273803000000001 18012000
