20 0.00025490000000161217 3360
30 0.00022499999998615294 7440
50 0.00035019999999974516 20400
100 0.0007195000000024265 80800
110 0.000811900000002197 97680
120 0.0009356999999994287 116160
140 0.0010329999999925121 157920
160 0.0008692999999908579 206080
180 0.0011855000000053906 260640
200 0.0017535000000066248 321600
500 0.007079500000003236 2004000
800 0.01689580000000035 5126400
1000 0.03161280000000488 8008000
1100 0.03791429999999707 9688800
1200 0.046128400000000624 11529600
1300 0.06407779999999264 13530400
1500 0.1361919999999941 18012000
