20 0.002566200000000407 4800
30 0.012554299999999685 10800
50 0.008364499999999886 30000
100 0.0019951999999996417 120000
110 0.0019162000000001456 145200
120 0.15360379999999996 172800
140 0.0728901999999998 235200
160 0.0029335000000001443 307200
180 0.0035294999999999632 388800
200 0.02625339999999987 480000
500 0.015223199999999437 3000000
800 0.04553249999999931 7680000
1000 0.05374950000000034 12000000
1100 0.07402819999999988 14520000
1200 0.2506977999999993 17280000
1300 0.13957240000000048 20280000
1500 0.18693500000000007 27000000
