20 0.00021410000000088303 1760
30 0.00026380000000614245 3840
50 0.0003971000000007052 10400
100 0.0007849000000064166 40800
110 0.0007874999999941679 49280
120 0.0008335999999999899 58560
140 0.0014096000000023423 79520
160 0.0008713000000000193 103680
180 0.0014275999999995292 131040
200 0.0016794999999945048 161600
500 0.006260699999998565 1004000
800 0.015207099999997808 2566400
1000 0.02874880000000246 4008000
1100 0.032733299999996746 4848800
1200 0.042874099999998805 5769600
1300 0.05310320000000246 6770400
1500 0.07374889999999823 9012000
