20 0.00025639999999782503 1760
30 0.00028870000000225104 3840
50 0.0010058000000015 10400
100 0.0008452000000005455 40800
110 0.0007858999999967864 49280
120 0.0009292999999992446 58560
140 0.0009867999999997323 79520
160 0.0009225999999991075 103680
180 0.001603299999999308 131040
200 0.0014275999999995292 161600
500 0.008484200000001607 1004000
800 0.02058060000000239 2566400
1000 0.02648280000000014 4008000
1100 0.03328769999999892 4848800
1200 0.04133410000000026 5769600
1300 0.050786099999999834 6770400
1500 0.07351209999999853 9012000
