20 0.0001998000000043021 3360
30 0.0001409999999992806 7440
50 0.00019380000000523978 20400
100 0.00043580000000531527 80800
110 0.0009327000000070029 97680
120 0.0005890999999991209 116160
140 0.0007674000000008618 157920
160 0.0008794000000023061 206080
180 0.0011915000000044529 260640
200 0.0028535000000005084 321600
500 0.009081699999995863 2004000
800 0.026315400000001432 5126400
1000 0.041537899999994465 8008000
1100 0.039122500000004834 9688800
1200 0.04653700000000072 11529600
1300 0.05531100000000322 13530400
1500 0.07466089999999781 18012000
