20 0.0002731999999951995 3360
30 0.00027189999999421843 7440
50 0.00043019999999671654 20400
100 0.0013336999999964405 80800
110 0.0011386000000044305 97680
120 0.0012268000000048573 116160
140 0.001299600000002954 157920
160 0.0013049999999950046 206080
180 0.0018030999999965047 260640
200 0.0019551999999976033 321600
500 0.006443299999993712 2004000
800 0.01931499999999886 5126400
1000 0.03660090000000338 8008000
1100 0.03610040000000936 9688800
1200 0.04232030000000009 11529600
1300 0.054281699999989996 13530400
1500 0.07758959999999604 18012000
