20 0.00024530000000311247 3360
30 0.0002685000000042237 7440
50 0.00032530000000008386 20400
100 0.000697700000003465 80800
110 0.0007927999999992608 97680
120 0.0010580999999945107 116160
140 0.0013031000000012227 157920
160 0.0009984999999943511 206080
180 0.0014341999999913924 260640
200 0.0015724000000005844 321600
500 0.09860869999999977 2004000
800 0.020991699999996172 5126400
1000 0.06207840000000431 8008000
1100 0.055312299999997094 9688800
1200 0.044453899999993496 11529600
1300 0.05534719999999993 13530400
1500 0.07469829999999433 18012000
