20 0.00025679999999894676 1760
30 0.0002791999999995909 3840
50 0.001187200000000388 10400
100 0.0007888999999998703 40800
110 0.0009309999999995711 49280
120 0.0009546000000000276 58560
140 0.0010761999999999716 79520
160 0.0008576999999991841 103680
180 0.0014670999999992773 131040
200 0.0019206999999994423 161600
500 0.0061037999999999926 1004000
800 0.015562300000000917 2566400
1000 0.0258396999999988 4008000
1100 0.03371800000000036 4848800
1200 0.04668070000000135 5769600
1300 0.05034539999999943 6770400
1500 0.10093769999999935 9012000
