20 0.0001773000000042657 3360
30 0.00011680000000069413 7440
50 0.00021249999999639613 20400
100 0.00043769999999909714 80800
110 0.0004747999999992203 97680
120 0.0005233999999987304 116160
140 0.0006811999999953855 157920
160 0.0007986000000030913 206080
180 0.0010145999999977562 260640
200 0.0011981000000034214 321600
500 0.007035200000004238 2004000
800 0.01643150000000304 5126400
1000 0.02689720000000051 8008000
1100 0.03179659999999984 9688800
1200 0.04181849999999798 11529600
1300 0.05044110000000046 13530400
1500 0.07070329999999814 18012000
