20 0.00021370000000331402 3360
30 0.00024620000000652453 7440
50 0.00041949999999246756 20400
100 0.0011370999999940068 80800
110 0.0018093999999990729 97680
120 0.0009584000000018023 116160
140 0.0013896999999900572 157920
160 0.0009356999999994287 206080
180 0.001621299999996495 260640
200 0.002433199999998692 321600
500 0.019714700000008634 2004000
800 0.026737799999992262 5126400
1000 0.2248646999999977 8008000
1100 0.04950469999999996 9688800
1200 0.05726559999999381 11529600
1300 0.07489350000000172 13530400
1500 0.09960940000000562 18012000
