20 0.00018599999999935335 3360
30 0.0001241000000007375 7440
50 0.00016949999999837928 20400
100 0.00032379999999676556 80800
110 0.0002899000000056162 97680
120 0.00033460000000218315 116160
140 0.0006465999999960559 157920
160 0.0006231999999997129 206080
180 0.0007477000000051248 260640
200 0.0011888000000013221 321600
500 0.006636800000002552 2004000
800 0.015472799999997733 5126400
1000 0.027665800000001184 8008000
1100 0.031625300000001744 9688800
1200 0.039166200000003926 11529600
1300 0.04852379999999812 13530400
1500 0.06588679999999414 18012000
