20 0.0003647999999998319 3360
30 0.00041810000000452874 7440
50 0.000521900000009623 20400
100 0.0008394000000038204 80800
110 0.0009631000000069889 97680
120 0.0018430000000080327 116160
140 0.0011614999999949305 157920
160 0.000854599999996708 206080
180 0.001245699999998351 260640
200 0.002097100000000296 321600
500 0.007450199999993856 2004000
800 0.018775599999997894 5126400
1000 0.039190599999997744 8008000
1100 0.03840929999999787 9688800
1200 0.047925899999995636 11529600
1300 0.05460840000000644 13530400
1500 0.07319870000000606 18012000
