20 0.00025450000000404316 1760
30 0.00023199999999690135 3840
50 0.0004764999999977704 10400
100 0.0007955999999964547 40800
110 0.0009516000000004965 49280
120 0.0008932000000001494 58560
140 0.0009780999999975393 79520
160 0.0011276000000037811 103680
180 0.0013405999999989149 131040
200 0.002520800000006318 161600
500 0.0070933999999951425 1004000
800 0.016565599999999847 2566400
1000 0.02875540000000143 4008000
1100 0.03608189999999922 4848800
1200 0.04202149999999705 5769600
1300 0.04936590000000507 6770400
1500 0.06875980000000226 9012000
