20 0.0002905000000001934 1760
30 0.002509999999999124 3840
50 0.0009560999999997932 10400
100 0.007211899999999716 40800
110 0.0011675000000010982 49280
120 0.0012990000000012714 58560
140 0.0013567000000005436 79520
160 0.0014064999999998662 103680
180 0.0019267999999996732 131040
200 0.0023330999999995328 161600
500 0.0245078000000003 1004000
800 0.027841399999999794 2566400
1000 0.031082600000001293 4008000
1100 0.04223479999999924 4848800
1200 0.04597790000000046 5769600
1300 0.06244799999999984 6770400
1500 0.08312279999999994 9012000
