20 0.00020719999999130323 3360
30 0.00043239999999400425 7440
50 0.0003164999999967222 20400
100 0.00183899999998971 80800
110 0.0011374999999986812 97680
120 0.0012360999999998512 116160
140 0.0012839999999982865 157920
160 0.0013609999999886213 206080
180 0.0016059000000012702 260640
200 0.0018969999999995935 321600
500 0.009500200000005066 2004000
800 0.020471900000003984 5126400
1000 0.033384900000001494 8008000
1100 0.037073100000000636 9688800
1200 0.04906540000000348 11529600
1300 0.057535299999997846 13530400
1500 0.09507089999999607 18012000
