20 0.000271700000000763 1760
30 0.00028200000000033754 3840
50 0.0004225000000008805 10400
100 0.0013336999999999932 40800
110 0.0009189999999996701 49280
120 0.0009136999999999063 58560
140 0.0011564000000010566 79520
160 0.0013357000000002728 103680
180 0.0014774000000006282 131040
200 0.0016389999999990579 161600
500 0.009012000000000242 1004000
800 0.01978100000000005 2566400
1000 0.039725699999999975 4008000
1100 0.1716773000000007 4848800
1200 0.049248999999999654 5769600
1300 0.05288140000000041 6770400
1500 0.07143160000000037 9012000
