20 0.00022970000000555046 3360
30 0.013837800000004563 7440
50 0.0005357000000003609 20400
100 0.0008417000000093822 80800
110 0.001418400000005704 97680
120 0.0010904000000095948 116160
140 0.001454499999994141 157920
160 0.0012189999999918655 206080
180 0.003227800000004777 260640
200 0.002258300000008262 321600
500 0.008064399999994976 2004000
800 0.020882099999994352 5126400
1000 0.20658269999999845 8008000
1100 0.06289510000000575 9688800
1200 0.06612170000001072 11529600
1300 0.0748764999999878 13530400
1500 0.1066073000000074 18012000
