20 0.0001258999999969035 1760
30 6.69999999978188e-05 3840
50 0.00017589999999856332 10400
100 0.00041099999999971715 40800
110 0.0003723999999998284 49280
120 0.00036680000000188784 58560
140 0.00047209999999964225 79520
160 0.0005708000000019808 103680
180 0.0007732000000011396 131040
200 0.0008497999999974581 161600
500 0.005202600000000501 1004000
800 0.013603599999999716 2566400
1000 0.02542590000000189 4008000
1100 0.029609799999999353 4848800
1200 0.035568900000001236 5769600
1300 0.05190109999999848 6770400
1500 0.06019020000000097 9012000
