20 0.00027469999999141237 3360
30 0.00025630000000376185 7440
50 0.00033290000000363307 20400
100 0.0008747000000113303 80800
110 0.0008765999999980068 97680
120 0.0009826000000003887 116160
140 0.0014642000000009148 157920
160 0.0012830000000008113 206080
180 0.0017505999999940514 260640
200 0.002367299999988859 321600
500 0.010009299999993004 2004000
800 0.05982860000000301 5126400
1000 0.07968359999999564 8008000
1100 0.07862769999999841 9688800
1200 0.05693610000000149 11529600
1300 0.05430490000000532 13530400
1500 0.07415159999999332 18012000
