20 0.0002695999999957621 3360
30 0.000544800000000123 7440
50 0.0015409000000019546 20400
100 0.03295150000000291 80800
110 0.006437200000000587 97680
120 0.0010524000000060596 116160
140 0.0012864000000050169 157920
160 0.0012113999999954217 206080
180 0.001655500000005361 260640
200 0.0020504999999957363 321600
500 0.009069400000001338 2004000
800 0.020245299999999133 5126400
1000 0.03397999999999968 8008000
1100 0.04437270000000382 9688800
1200 0.044303100000000484 11529600
1300 0.06092320000000484 13530400
1500 0.10467109999999735 18012000
