20 0.00025869999999628135 3360
30 0.00032120000000190885 7440
50 0.00046800000000501996 20400
100 0.0016983999999951038 80800
110 0.0017587999999975068 97680
120 0.0010971000000026265 116160
140 0.0012855000000016048 157920
160 0.001324800000006121 206080
180 0.0018798999999987132 260640
200 0.001979900000002033 321600
500 0.016415299999998467 2004000
800 0.020127399999999795 5126400
1000 0.04111289999999457 8008000
1100 0.049929599999998686 9688800
1200 0.13136970000000048 11529600
1300 0.06371099999999785 13530400
1500 0.08302029999999405 18012000
