20 0.00025699999999773127 1760
30 0.0057074999999997544 3840
50 0.0004980000000003315 10400
100 0.0010282000000003677 40800
110 0.0011384999999961565 49280
120 0.002287899999998899 58560
140 0.001552699999997742 79520
160 0.0014261000000033164 103680
180 0.0026782999999994672 131040
200 0.002937099999996917 161600
500 0.030770200000006298 1004000
800 0.19956899999999678 2566400
1000 0.04315059999999704 4008000
1100 0.04168190000000038 4848800
1200 0.04601759999999899 5769600
1300 0.0629563000000033 6770400
1500 0.10576620000000503 9012000
