20 0.0007696999999999843 2400
30 0.007274699999999967 5400
50 0.0034351999999999716 15000
100 0.0120134999999999 60000
110 0.0033455000000000013 72600
120 0.00663809999999998 86400
140 0.011448399999999914 117600
160 0.008612700000000029 153600
180 0.00914640000000011 194400
200 0.02344999999999997 240000
500 0.045876999999999946 1500000
800 0.5171851999999999 3840000
1000 0.17997629999999987 6000000
1100 0.1101489 7260000
1200 0.1069688000000002 8640000
1300 0.1765713 10140000
1500 0.5467272999999997 13500000
2000 0.4673585 24000000
3000 1.6033133 54000000
4000 2.6708254 96000000
