20 0.008290500000001089 2400
30 0.005634699999994552 5400
50 0.0009279000000006477 15000
100 0.001596299999995665 60000
110 0.001810700000000054 72600
120 0.0022877999999977305 86400
140 0.005918200000003537 117600
160 0.0022160999999982778 153600
180 0.004740499999996928 194400
200 0.004278599999999244 240000
500 0.03826399999999808 1500000
800 0.03947860000000247 3840000
1000 0.05662799999999635 6000000
1100 0.07185609999999798 7260000
1200 0.09631209999999868 8640000
1300 0.11109090000000066 10140000
1500 0.15634209999999626 13500000
2000 0.49161549999999465 24000000
3000 1.3376014999999981 54000000
4000 2.417248299999997 96000000
