20 0.009859800000000973 3200
30 0.006187600000004068 7200
50 0.006265399999996646 20000
100 0.01900669999999849 80000
110 0.019222100000000353 96800
120 0.016776299999996525 115200
140 0.010633200000000897 156800
160 0.010622600000004923 204800
180 0.01962520000000012 259200
200 0.014331900000001951 320000
500 0.0427275999999992 2000000
800 0.06390619999999814 5120000
1000 0.09907100000000213 8000000
1100 0.10057849999999746 9680000
1200 0.12909989999999993 11520000
1300 0.14662549999999896 13520000
1500 0.3207318999999984 18000000
2000 0.38195650000000114 32000000
3000 1.1046436000000028 72000000
4000 2.476692700000001 128000000
