20 0.019264600000013843 6400
30 0.0004912999999930889 14400
50 0.0016990000000021155 40000
100 0.011999700000018265 160000
110 0.008618499999982987 193600
120 0.01044960000001538 230400
140 0.0035776999999939108 313600
160 0.002914699999990944 409600
180 0.012276100000008228 518400
200 0.008349699999996574 640000
500 0.02342899999999304 4000000
800 0.0926454000000092 10240000
1000 0.15496239999998807 16000000
1100 0.11543369999998276 19360000
1200 0.1861447999999939 23040000
1300 0.18160249999999678 27040000
1500 0.5066750000000013 36000000
2000 2.1196959000000106 64000000
3000 3.5631729999999777 144000000
4000 5.586075600000015 256000000
