20 0.017609599999985903 6400
30 0.00029240000000640975 14400
50 0.0004403000000081647 40000
100 0.0012754999999913252 160000
110 0.001783999999986463 193600
120 0.002775100000008024 230400
140 0.002762100000012424 313600
160 0.002717499999988604 409600
180 0.004350199999976212 518400
200 0.005836299999998573 640000
500 0.015271600000005492 4000000
800 0.05423290000001657 10240000
1000 0.09307590000000232 16000000
1100 0.10989090000001056 19360000
1200 0.196987699999994 23040000
1300 0.39020320000000197 27040000
1500 1.2940384000000051 36000000
2000 1.7247598000000153 64000000
3000 2.258654500000006 144000000
4000 4.164249300000023 256000000
