20 0.02461230000000114 6400
30 0.0003221000000053209 14400
50 0.0005281999999908749 40000
100 0.08922359999999685 160000
110 0.0025669999999990978 193600
120 0.0032235000000042646 230400
140 0.004289700000001062 313600
160 0.01834090000001254 409600
180 0.03637259999999287 518400
200 0.003525999999993701 640000
500 0.04350809999999683 4000000
800 0.04795650000001217 10240000
1000 0.08808520000000897 16000000
1100 0.11824140000000227 19360000
1200 0.14782189999999673 23040000
1300 0.2552490000000063 27040000
1500 0.36929189999999323 36000000
2000 0.8275587000000115 64000000
3000 2.0748637000000087 144000000
4000 7.446750300000005 256000000
