20 0.02137220000000184 6400
30 0.00033769999998867206 14400
50 0.0012997000000041226 40000
100 0.003212399999995341 160000
110 0.007023099999997839 193600
120 0.004814199999998436 230400
140 0.01265900000001352 313600
160 0.00659790000000271 409600
180 0.0036852000000067164 518400
200 0.007950300000004518 640000
500 0.04032209999999736 4000000
800 0.21166400000001317 10240000
1000 0.1044879000000094 16000000
1100 0.2989014000000054 19360000
1200 0.18644860000000563 23040000
1300 0.3737448999999913 27040000
1500 0.6982380999999975 36000000
2000 1.404358000000002 64000000
3000 3.145633800000013 144000000
4000 9.357874400000014 256000000
