20 0.033022799999969266 6400
30 0.0013409000000024207 14400
50 0.0005546999999523905 40000
100 0.017668099999980313 160000
110 0.008937499999944976 193600
120 0.005630300000007082 230400
140 0.0028585000000020955 313600
160 0.004256999999995514 409600
180 0.005612799999994422 518400
200 0.004007600000022649 640000
500 0.02979129999999941 4000000
800 0.09083010000000513 10240000
1000 0.139363000000003 16000000
1100 0.28057019999999966 19360000
1200 0.6580615999999964 23040000
1300 0.7841793000000052 27040000
1500 0.48491189999998596 36000000
2000 1.2357827000000157 64000000
3000 2.413568200000043 144000000
4000 8.233675699999992 256000000
