20 0.02026869999997416 6400
30 0.0018148999999993976 14400
50 0.0007044999999834545 40000
100 0.005191899999999805 160000
110 0.003608299999996234 193600
120 0.0028044000000022606 230400
140 0.011434399999984635 313600
160 0.005914499999960299 409600
180 0.0077809000000002015 518400
200 0.023070099999983995 640000
500 0.055103799999983494 4000000
800 0.10579510000002301 10240000
1000 0.10564140000002453 16000000
1100 0.11464569999998275 19360000
1200 0.25506559999996625 23040000
1300 0.188436500000023 27040000
1500 1.1578503000000069 36000000
2000 0.7787389999999732 64000000
3000 3.2214197000000127 144000000
4000 5.062865599999952 256000000
