20 0.010224000000000899 2400
30 0.0006672999999999263 5400
50 0.005934500000002174 15000
100 0.0021036999999992645 60000
110 0.0054933000000012555 72600
120 0.0022762999999983435 86400
140 0.003843599999999725 117600
160 0.003450899999997148 153600
180 0.015100600000000242 194400
200 0.007453000000001708 240000
500 0.027826499999999754 1500000
800 0.035892700000001554 3840000
1000 0.05897210000000186 6000000
1100 0.07675979999999782 7260000
1200 0.09076319999999782 8640000
1300 0.1113338000000006 10140000
1500 0.15963999999999956 13500000
2000 0.3884547000000005 24000000
3000 1.030052099999999 54000000
4000 2.3037765000000014 96000000
