20 0.008206800000010617 3200
30 0.0005634999999983847 7200
50 0.005617000000000871 20000
100 0.0034165999999942187 80000
110 0.005083700000000135 96800
120 0.0026209999999906586 115200
140 0.0038423000000022967 156800
160 0.002978799999993953 204800
180 0.003199899999998479 259200
200 0.013038399999999228 320000
500 0.01340910000000406 2000000
800 0.04380530000000249 5120000
1000 0.05999770000001092 8000000
1100 0.07925149999999803 9680000
1200 0.0864161000000081 11520000
1300 0.11141409999999041 13520000
1500 0.2008340000000004 18000000
2000 0.4812369000000132 32000000
3000 1.0327750000000009 72000000
4000 3.061160699999988 128000000
