20 0.02014269999997964 6400
30 0.002198200000009365 14400
50 0.0006936999999993532 40000
100 0.003496800000021949 160000
110 0.034409100000004855 193600
120 0.0039021999999988566 230400
140 0.035239400000023124 313600
160 0.010321299999986877 409600
180 0.008744300000017802 518400
200 0.006783599999977241 640000
500 0.03153000000000361 4000000
800 0.0864483000000007 10240000
1000 0.09643900000000372 16000000
1100 0.11209230000000048 19360000
1200 0.19753309999998692 23040000
1300 0.8038937000000033 27040000
1500 0.6493020000000058 36000000
2000 3.0507193999999913 64000000
3000 2.603001500000005 144000000
4000 8.6876551 256000000
