20 0.01966290000001436 6400
30 0.0012290999999891028 14400
50 0.0005717999999887979 40000
100 0.011951500000009219 160000
110 0.0019226000000003296 193600
120 0.0022148000000470347 230400
140 0.0035531000000332824 313600
160 0.0027240999999662563 409600
180 0.0052162000000066655 518400
200 0.009649199999955727 640000
500 0.040280900000027486 4000000
800 0.07376590000001215 10240000
1000 0.10324779999996281 16000000
1100 0.23536919999997963 19360000
1200 0.16026320000003125 23040000
1300 0.1860089000000471 27040000
1500 0.7613971999999762 36000000
2000 0.6635873999999831 64000000
3000 2.352624800000001 144000000
4000 4.683566400000018 256000000
