20 0.0294565000000091 6400
30 0.005679599999979246 14400
50 0.001206500000023425 40000
100 0.009250399999984893 160000
110 0.026787100000007058 193600
120 0.004308400000013535 230400
140 0.012675200000018094 313600
160 0.059835300000003144 409600
180 0.013008899999988444 518400
200 0.007574400000009973 640000
500 0.09374080000000617 4000000
800 0.2594744000000162 10240000
1000 0.3182984000000033 16000000
1100 0.6339301000000148 19360000
1200 0.34619359999999233 23040000
1300 0.23710379999999986 27040000
1500 0.596269800000016 36000000
2000 3.098323700000009 64000000
3000 2.9320764999999938 144000000
4000 6.972092599999996 256000000
