20 0.01953609999998207 6400
30 0.001352499999995871 14400
50 0.0005475999999760006 40000
100 0.0030614000000070973 160000
110 0.004410800000016479 193600
120 0.007993699999985893 230400
140 0.007669199999980947 313600
160 0.004909999999995307 409600
180 0.00327420000002121 518400
200 0.0037182000000086646 640000
500 0.03425530000001231 4000000
800 0.061876600000005055 10240000
1000 0.08804699999998888 16000000
1100 0.10672239999999533 19360000
1200 0.18515990000000215 23040000
1300 0.20329050000000848 27040000
1500 0.5982826000000045 36000000
2000 0.7538916000000029 64000000
3000 2.10779119999998 144000000
4000 4.7783502000000055 256000000
