20 0.01120000000000232 3200
30 0.0005445000000037226 7200
50 0.0007544999999993252 20000
100 0.0018830000000065183 80000
110 0.016848000000010188 96800
120 0.0025847999999939475 115200
140 0.00281710000000146 156800
160 0.00346550000000434 204800
180 0.0038052000000021735 259200
200 0.0053549999999944475 320000
500 0.018377799999996114 2000000
800 0.05572349999999915 5120000
1000 0.07006789999999796 8000000
1100 0.07898699999999792 9680000
1200 0.12106610000000728 11520000
1300 0.10710369999999614 13520000
1500 0.17102800000000684 18000000
2000 0.4608788999999973 32000000
3000 1.0662361000000118 72000000
4000 2.6085429999999974 128000000
