20 0.016822499999989304 6400
30 0.0007269000000178494 14400
50 0.0006812999999965541 40000
100 0.005161099999952512 160000
110 0.0015551000000186832 193600
120 0.0036754000000200904 230400
140 0.0021530999999868072 313600
160 0.0025190000000065993 409600
180 0.0032845999999722153 518400
200 0.003215000000011514 640000
500 0.0216513999999961 4000000
800 0.05947779999996783 10240000
1000 0.11628419999999551 16000000
1100 0.1292606999999748 19360000
1200 0.17766490000002477 23040000
1300 0.23842220000000225 27040000
1500 0.7216392999999925 36000000
2000 0.6908381000000077 64000000
3000 3.490092899999979 144000000
4000 5.139703200000042 256000000
