20 0.009869500000000642 3200
30 0.028107499999997287 7200
50 0.01399579999999645 20000
100 0.01523949999999985 80000
110 0.003886700000002463 96800
120 0.02908779999999922 115200
140 0.0034418999999985544 156800
160 0.014824199999999621 204800
180 0.01463430000000443 259200
200 0.018855800000004308 320000
500 0.02931170000000094 2000000
800 0.04276699999999778 5120000
1000 0.07941869999999795 8000000
1100 0.07216340000000088 9680000
1200 0.1093402999999995 11520000
1300 0.19164789999999954 13520000
1500 0.2047491000000008 18000000
2000 0.5204464000000044 32000000
3000 1.1200897000000012 72000000
4000 2.521578599999998 128000000
