20 0.006604700000000463 2400
30 0.0010864999999995462 5400
50 0.0007570000000001187 15000
100 0.0017737999999987153 60000
110 0.009127500000001731 72600
120 0.0027024999999980537 86400
140 0.0024438000000017723 117600
160 0.006244399999999928 153600
180 0.003156299999997003 194400
200 0.00484480000000076 240000
500 0.02029290000000117 1500000
800 0.03737869999999788 3840000
1000 0.08116959999999906 6000000
1100 0.07199780000000189 7260000
1200 0.10835679999999925 8640000
1300 0.11403680000000094 10140000
1500 0.1786980000000007 13500000
2000 0.3152171999999993 24000000
3000 1.2158580000000008 54000000
4000 2.4842926 96000000
