20 0.012763299999996036 2400
30 0.0006805000000014161 5400
50 0.0007102000000003272 15000
100 0.0017919000000006235 60000
110 0.013297599999994247 72600
120 0.011312500000002501 86400
140 0.0027287999999998647 117600
160 0.0023070000000018354 153600
180 0.002879799999995214 194400
200 0.006107400000004759 240000
500 0.023234200000004535 1500000
800 0.03948310000000532 3840000
1000 0.06160939999999471 6000000
1100 0.07155430000000251 7260000
1200 0.09041339999999565 8640000
1300 0.16023750000000092 10140000
1500 0.18176989999999904 13500000
2000 0.4571509999999961 24000000
3000 1.0825919999999982 54000000
4000 2.7573720000000037 96000000
