20 0.03251769999999965 6400
30 0.004033500000019785 14400
50 0.0019437999999922795 40000
100 0.0018404999999859228 160000
110 0.002274699999986751 193600
120 0.0017703000000039992 230400
140 0.011313000000001239 313600
160 0.002923599999974158 409600
180 0.004549900000000662 518400
200 0.009855400000020609 640000
500 0.018120399999986603 4000000
800 0.6806463000000065 10240000
1000 0.1301170000000127 16000000
1100 0.14408310000001734 19360000
1200 0.24386850000001914 23040000
1300 0.8708362999999792 27040000
1500 0.2957529999999906 36000000
2000 1.702303900000004 64000000
3000 1.846790999999996 144000000
4000 4.954652799999991 256000000
