20 0.007989199999997254 6400
30 0.005342099999992911 14400
50 0.0005058999999931757 40000
100 0.0015354999999885877 160000
110 0.0014589000000029273 193600
120 0.0027039999999942665 230400
140 0.001879299999998807 313600
160 0.023171099999999 409600
180 0.004004699999995864 518400
200 0.002921400000005292 640000
500 0.039836600000001 4000000
800 0.08051349999999502 10240000
1000 0.12235160000000178 16000000
1100 0.13897059999999328 19360000
1200 0.24521579999999688 23040000
1300 0.27722880000000316 27040000
1500 0.31713909999999146 36000000
2000 1.2313441999999952 64000000
3000 4.447165999999996 144000000
4000 5.425515499999989 256000000
