20 0.0002685000000042237 3360
30 0.000278600000001461 7440
50 0.0005167999999997619 20400
100 0.0007726000000047861 80800
110 0.0015127000000063617 97680
120 0.0016939000000064652 116160
140 0.0011878999999908046 157920
160 0.0011614999999949305 206080
180 0.001752100000004475 260640
200 0.006464400000012915 321600
500 0.010630300000002535 2004000
800 0.020694800000001123 5126400
1000 0.03722469999999589 8008000
1100 0.04553469999999038 9688800
1200 0.05104560000000902 11529600
1300 0.05810619999999744 13530400
1500 0.08373619999998994 18012000
