20 0.0002843000000005702 1760
30 0.0004159999999977515 3840
50 0.0008738000000008128 10400
100 0.0009022000000022956 40800
110 0.001279700000001327 49280
120 0.0011521999999999366 58560
140 0.0006629999999994141 79520
160 0.0010195999999993433 103680
180 0.001952500000001578 131040
200 0.0014728999999995551 161600
500 0.01596059999999966 1004000
800 0.038507700000000256 2566400
1000 0.056803399999999726 4008000
1100 0.07307489999999817 4848800
1200 0.1006498000000029 5769600
1300 0.1409099999999981 6770400
1500 0.14459179999999705 9012000
