20 0.0003235000000074706 3360
30 0.0005294999999989614 7440
50 0.0009334000000080778 20400
100 0.0008511000000055446 80800
110 0.0010077000000023872 97680
120 0.0013861000000048307 116160
140 0.0005063999999919133 157920
160 0.0011489999999980682 206080
180 0.001609900000005382 260640
200 0.0008930999999989808 321600
500 0.016280099999988806 2004000
800 0.03657489999999086 5126400
1000 0.06002480000000787 8008000
1100 0.06975210000000232 9688800
1200 0.099240199999997 11529600
1300 0.16040569999999832 13530400
1500 0.1338115000000073 18012000
