20 0.00042630000000087875 1760
30 0.001484099999998989 3840
50 0.00048710000000085074 10400
100 0.004461299999999113 40800
110 0.0010601000000001193 49280
120 0.0011548999999995146 58560
140 0.002480800000000727 79520
160 0.0012590000000010093 103680
180 0.0016618000000008237 131040
200 0.002329400000000703 161600
500 0.025721199999999556 1004000
800 0.029189599999998705 2566400
1000 0.21023519999999962 4008000
1100 0.05872010000000216 4848800
1200 0.04637259999999799 5769600
1300 0.05675229999999942 6770400
1500 0.08207349999999991 9012000
