20 0.00027529999999842403 1760
30 0.00039729999999948973 3840
50 0.0014623000000000275 10400
100 0.0008085000000015441 40800
110 0.0010559000000007757 49280
120 0.0011818999999988478 58560
140 0.0004270999999995695 79520
160 0.0007075000000007492 103680
180 0.001457099999999656 131040
200 0.000984200000001323 161600
500 0.014561499999999228 1004000
800 0.035542599999999425 2566400
1000 0.054268499999999165 4008000
1100 0.06771180000000143 4848800
1200 0.0836143000000007 5769600
1300 0.10565700000000078 6770400
1500 0.13085009999999997 9012000
