20 0.002335599999999438 4800
30 0.005275300000000094 10800
50 0.0006843999999999184 30000
100 0.004019099999999831 120000
110 0.0042493000000005665 145200
120 0.006743099999999558 172800
140 0.003952399999999301 235200
160 0.012352599999999825 307200
180 0.0031826999999999828 388800
200 0.009008999999999823 480000
500 0.016486099999999837 3000000
800 0.029838900000000557 7680000
1000 0.05978839999999952 12000000
1100 0.06533220000000028 14520000
1200 0.4654605000000007 17280000
1300 0.1672931000000002 20280000
1500 0.13901590000000041 27000000
