20 0.000256299999989551 3360
30 0.008701599999994869 7440
50 0.0006743000000000166 20400
100 0.0017476000000016256 80800
110 0.0020966999999956215 97680
120 0.001111899999997945 116160
140 0.0023081000000075846 157920
160 0.002246700000000601 206080
180 0.028602600000013467 260640
200 0.0017556999999897016 321600
500 0.010334299999996688 2004000
800 0.038055700000001025 5126400
1000 0.039172800000002894 8008000
1100 0.07670889999999986 9688800
1200 0.1179269000000005 11529600
1300 0.08685479999999757 13530400
1500 0.4488704000000041 18012000
