20 0.0002384000000006381 3360
30 0.00035950000000184446 7440
50 0.0007572999999894137 20400
100 0.001101099999999633 80800
110 0.0012492999999977883 97680
120 0.0012441000000080749 116160
140 0.00038550000000725504 157920
160 0.0007832999999948242 206080
180 0.0014440000000064401 260640
200 0.0007370000000008758 321600
500 0.014978100000007544 2004000
800 0.036143500000008544 5126400
1000 0.068040400000001 8008000
1100 0.13206840000000852 9688800
1200 0.0899866999999972 11529600
1300 0.10225579999999468 13530400
1500 0.13834679999999366 18012000
