20 0.00021057999547338113 3360.0
30 0.0001371299978927709 7440.0
50 0.00023253000108525157 20400.0
100 0.0005605399957858026 80800.0
110 0.00045911000052001327 97680.0
120 0.0004210600018268451 116160.0
140 0.0005767500028014183 157920.0
160 0.0007574199931696058 206080.0
180 0.0008990700007416308 260640.0
200 0.001478169986512512 321600.0
500 0.007422579964622855 2004000.0
800 0.020054069720208643 5126400.0
1000 0.0333260303363204 8008000.0
1100 0.04053581021726131 9688800.0
1200 0.058914000168442726 11529600.0
1300 0.06440186984837055 13530400.0
1500 0.09864841029047966 18012000.0
