20 0.00029171000205678864 1760.0
30 0.0004717400064691901 3840.0
50 0.0009488499956205488 10400.0
100 0.0007526799978222698 40800.0
110 0.001022149994969368 49280.0
120 0.0012369299889542162 58560.0
140 0.000527289995807223 79520.0
160 0.0008352899923920632 103680.0
180 0.0016413500066846608 131040.0
200 0.0012335400155279786 161600.0
500 0.015451220236718655 1004000.0
800 0.04044605940580368 2566400.0
1000 0.07477706000208854 4008000.0
1100 0.08238416016101838 4848800.0
1200 0.08518044874072075 5769600.0
1300 0.11542856916785241 6770400.0
1500 0.13553186804056166 9012000.0
