20 0.0008866999999987968 1760
30 0.00242290000000267 3840
50 0.0009316000000012536 10400
100 0.016873699999997882 40800
110 0.0031807999999990955 49280
120 0.0015876999999981933 58560
140 0.006845600000001895 79520
160 0.0012320000000016762 103680
180 0.002824200000002719 131040
200 0.005712300000002557 161600
500 0.007876000000003103 1004000
800 0.018310400000000726 2566400
1000 0.030571699999999424 4008000
1100 0.041398699999998456 4848800
1200 0.04481039999999936 5769600
1300 0.055860299999999086 6770400
1500 0.08181330000000031 9012000
