20 0.00027439999999501197 1760
30 0.0002843999999981861 3840
50 0.0004078000000049542 10400
100 0.0008179000000012593 40800
110 0.0012066999999973405 49280
120 0.002850999999999715 58560
140 0.001781600000001049 79520
160 0.0011735000000001605 103680
180 0.0014163999999965426 131040
200 0.0034330000000011296 161600
500 0.011112900000000536 1004000
800 0.02025199999999927 2566400
1000 0.28223889999999585 4008000
1100 0.05442019999999559 4848800
1200 0.050045799999999474 5769600
1300 0.057912600000001646 6770400
1500 0.08689890000000133 9012000
