20 0.00028690000000608507 3360
30 0.001320499999991398 7440
50 0.000506999999998925 20400
100 0.002108599999999683 80800
110 0.002454499999998916 97680
120 0.0010935000000102946 116160
140 0.004825999999994224 157920
160 0.00115949999999998 206080
180 0.0015915000000035207 260640
200 0.003121099999987109 321600
500 0.00902990000000159 2004000
800 0.02775259999999946 5126400
1000 0.04695889999999281 8008000
1100 0.053969499999993786 9688800
1200 0.08261199999999747 11529600
1300 0.09376670000000331 13530400
1500 0.1134430999999978 18012000
