20 0.00021630000000172345 1760
30 0.0003695999999990818 3840
50 0.0009163999999977079 10400
100 0.0007802000000012299 40800
110 0.0009522000000004027 49280
120 0.0014484000000010155 58560
140 0.00043229999999994106 79520
160 0.0008319000000014398 103680
180 0.0015479000000020449 131040
200 0.001327099999997472 161600
500 0.013117300000001109 1004000
800 0.03773830000000089 2566400
1000 0.06006220000000084 4008000
1100 0.1296436000000014 4848800
1200 0.08322959999999924 5769600
1300 0.09228859999999983 6770400
1500 0.1280233000000024 9012000
