20 0.0008135000000066839 3360
30 0.0003999000000050046 7440
50 0.0007674000000008618 20400
100 0.0006185999999956948 80800
110 0.0010194999999981746 97680
120 0.0011157999999937829 116160
140 0.00035959999999590764 157920
160 0.0008605000000017071 206080
180 0.0013751000000041813 260640
200 0.0011168999999995322 321600
500 0.014251299999997968 2004000
800 0.038050099999992426 5126400
1000 0.12410529999999653 8008000
1100 0.11397320000000377 9688800
1200 0.09017839999999921 11529600
1300 0.11366639999999961 13530400
1500 0.2079133000000013 18012000
