20 0.003042559992172755 6400.0
30 0.006776710163103416 14400.0
50 0.0033632900944212452 40000.0
100 0.014549470110796391 160000.0
110 0.004195539874490351 193600.0
120 0.0028692900435999037 230400.0
140 0.003180140012409538 313600.0
160 0.005950549955014139 409600.0
180 0.004829140123911202 518400.0
200 0.0035664899973198772 640000.0
500 0.020405939873307945 4000000.0
800 0.07565330117940902 10240000.0
1000 0.16800422742962837 16000000.0
1100 0.18901591002941132 19360000.0
1200 0.181632599234581 23040000.0
1300 0.22576611191034318 27040000.0
1500 0.2653908386826515 36000000.0
