20 0.0002477000000027374 1760
30 0.00032870000000073674 3840
50 0.0007264999999989641 10400
100 0.0007890000000010389 40800
110 0.0010566000000018505 49280
120 0.0013246000000002311 58560
140 0.000741000000001435 79520
160 0.0010955000000016923 103680
180 0.0020361000000015395 131040
200 0.0016871999999992227 161600
500 0.018185799999997698 1004000
800 0.04768709999999743 2566400
1000 0.06120870000000167 4008000
1100 0.08484740000000102 4848800
1200 0.08054450000000202 5769600
1300 0.09255449999999854 6770400
1500 0.12991540000000157 9012000
