20 0.0001910999999950036 3360
30 0.00013889999999605607 7440
50 0.0002728999999987991 20400
100 0.002030700000005936 80800
110 0.0004934000000105243 97680
120 0.0005278000000004113 116160
140 0.0006708000000088532 157920
160 0.0010663999999991347 206080
180 0.0010833999999988464 260640
200 0.002208099999990054 321600
500 0.009802600000000439 2004000
800 0.02747790000000805 5126400
1000 0.038123200000001134 8008000
1100 0.04062299999999652 9688800
1200 0.04553150000000983 11529600
1300 0.0616813000000036 13530400
1500 0.12787289999999985 18012000
