20 0.00027570000000309847 3360
30 0.0014572999999984404 7440
50 0.0007603000000102611 20400
100 0.00230260000000726 80800
110 0.001258899999996288 97680
120 0.0011932999999970662 116160
140 0.0013333999999929347 157920
160 0.0009289999999992915 206080
180 0.0015001000000012255 260640
200 0.003542699999997012 321600
500 0.022623899999999253 2004000
800 0.1021684000000107 5126400
1000 0.31363319999999817 8008000
1100 0.050049600000008354 9688800
1200 0.05730479999999716 11529600
1300 0.07089570000000833 13530400
1500 0.09917090000000428 18012000
