20 0.0001525000000022203 1760
30 7.560000000239597e-05 3840
50 0.00014209999999792444 10400
100 0.00031340000000312784 40800
110 0.0004024999999998613 49280
120 0.000618400000000463 58560
140 0.0005446999999989544 79520
160 0.0007198999999999955 103680
180 0.0007772000000016988 131040
200 0.0011511000000012928 161600
500 0.005263899999999211 1004000
800 0.014635399999999521 2566400
1000 0.02820130000000276 4008000
1100 0.06047330000000173 4848800
1200 0.07651450000000182 5769600
1300 0.05169469999999876 6770400
1500 0.06483689999999953 9012000
