20 0.0003304999999897973 3360
30 0.00023339999999905103 7440
50 0.0006635000000017044 20400
100 0.0008556000000083941 80800
110 0.0011297000000070057 97680
120 0.0012080999999994901 116160
140 0.00129680000000576 157920
160 0.00741159999999752 206080
180 0.0015240000000034115 260640
200 0.0035282999999992626 321600
500 0.00791989999999032 2004000
800 0.019797299999993356 5126400
1000 0.04207319999999015 8008000
1100 0.0539706999999936 9688800
1200 0.06303069999999877 11529600
1300 0.06499660000000063 13530400
1500 0.13674559999999758 18012000
