20 0.00025980000000203063 1760
30 0.002254199999999429 3840
50 0.0004711999999997829 10400
100 0.001288500000001136 40800
110 0.0011910999999997784 49280
120 0.0019702999999999804 58560
140 0.0018647000000022729 79520
160 0.0011793999999980542 103680
180 0.0016428000000026088 131040
200 0.0018820999999995536 161600
500 0.007978399999998942 1004000
800 0.016931200000001922 2566400
1000 0.032503399999999516 4008000
1100 0.0354732999999996 4848800
1200 0.04400270000000006 5769600
1300 0.06586580000000097 6770400
1500 0.09075500000000147 9012000
