20 0.00025390000000413693 3360
30 0.00025879999999744996 7440
50 0.0015271999999981745 20400
100 0.006988399999997341 80800
110 0.0012279000000035012 97680
120 0.0019850999999988517 116160
140 0.0014230999999966798 157920
160 0.0009716999999938025 206080
180 0.001420100000004254 260640
200 0.002691299999995067 321600
500 0.007710599999995793 2004000
800 0.02206549999999652 5126400
1000 0.033874599999990096 8008000
1100 0.042603100000008 9688800
1200 0.04729790000000378 11529600
1300 0.07298600000000022 13530400
1500 0.08824929999998687 18012000
