20 0.0002805000000023483 1760
30 0.000263400000001468 3840
50 0.00040339999999616794 10400
100 0.002783399999998437 40800
110 0.0021660000000025548 49280
120 0.0029827999999980648 58560
140 0.0011962000000025341 79520
160 0.0017378000000007887 103680
180 0.004992800000003683 131040
200 0.0021471000000019558 161600
500 0.008272699999999134 1004000
800 0.016703599999999597 2566400
1000 0.031182800000003397 4008000
1100 0.04457959999999872 4848800
1200 0.056689099999999826 5769600
1300 0.05402480000000054 6770400
1500 0.0816469999999967 9012000
