20 0.0002613000000053489 3360
30 0.00036490000000810596 7440
50 0.0008505999999925962 20400
100 0.0005680999999952974 80800
110 0.0008193999999974722 97680
120 0.0011399999999923693 116160
140 0.0003877999999986059 157920
160 0.0008279000000044334 206080
180 0.0013428999999973712 260640
200 0.0006747999999987542 321600
500 0.014843700000000126 2004000
800 0.04161400000000981 5126400
1000 0.061534199999996986 8008000
1100 0.07488220000000467 9688800
1200 0.08318350000000407 11529600
1300 0.1004491999999999 13530400
1500 0.14065200000000289 18012000
