20 0.00027790000000038617 1760
30 0.0008437000000007799 3840
50 0.0009572999999996057 10400
100 0.0005965000000003329 40800
110 0.0008745999999995036 49280
120 0.0012283000000010702 58560
140 0.0004038000000008424 79520
160 0.0007127000000011208 103680
180 0.001445600000000269 131040
200 0.0010636999999995567 161600
500 0.013815099999998637 1004000
800 0.037049100000000834 2566400
1000 0.1742373999999991 4008000
1100 0.0706029000000008 4848800
1200 0.07943180000000183 5769600
1300 0.0904529000000025 6770400
1500 0.12930559999999858 9012000
