20 0.012997999999996068 6400
30 0.062051599999996654 14400
50 0.023360300000000223 40000
100 0.13007900000000205 160000
110 0.017310000000001935 193600
120 0.0031115000000028203 230400
140 0.005644700000004832 313600
160 0.012925199999997972 409600
180 0.0037248000000005277 518400
200 0.006236999999998716 640000
500 0.025740100000000155 4000000
800 0.05526959999999548 10240000
1000 0.08934440000000166 16000000
1100 0.11388990000000376 19360000
1200 0.14161490000000043 23040000
1300 0.17325350000000128 27040000
1500 0.24774839999999898 36000000
