20 0.0002764000000041733 1760
30 0.0006881999999990285 3840
50 0.00148370000000142 10400
100 0.0014726000000067074 40800
110 0.002569400000005828 49280
120 0.0018199000000009846 58560
140 0.001680799999995486 79520
160 0.0011897999999987974 103680
180 0.001800100000004079 131040
200 0.0018823999999995067 161600
500 0.008347200000002886 1004000
800 0.016883299999996382 2566400
1000 0.31475550000000396 4008000
1100 0.03638890000000572 4848800
1200 0.05184549999999888 5769600
1300 0.05636030000000147 6770400
1500 0.08379000000000048 9012000
