20 0.0003145999999993876 1760
30 0.0029756999999985823 3840
50 0.007761600000000257 10400
100 0.01497540000000086 40800
110 0.002120599999999584 49280
120 0.0013099000000007521 58560
140 0.0030596999999996655 79520
160 0.0010495000000005916 103680
180 0.011736199999999641 131040
200 0.01697050000000111 161600
500 0.03256329999999963 1004000
800 0.0388547999999993 2566400
1000 0.06372990000000023 4008000
1100 0.07415280000000024 4848800
1200 0.23550559999999976 5769600
1300 0.06361689999999953 6770400
1500 0.09127269999999932 9012000
