20 0.00026370000000497384 3360
30 0.001785699999999224 7440
50 0.0018796000000094182 20400
100 0.0011559999999946058 80800
110 0.0012689999999935253 97680
120 0.0016870000000039909 116160
140 0.0033382000000017342 157920
160 0.0015106000000031372 206080
180 0.0017985000000066975 260640
200 0.0016958000000073525 321600
500 0.008274200000002452 2004000
800 0.021649199999998814 5126400
1000 0.03943970000000263 8008000
1100 0.0483633999999995 9688800
1200 0.058815900000013244 11529600
1300 0.06856369999999856 13530400
1500 0.08930950000001303 18012000
