20 0.002398799999994594 6400
30 0.0030777999999997974 14400
50 0.0005218999999954121 40000
100 0.002094700000000671 160000
110 0.0017382000000054632 193600
120 0.003299400000003061 230400
140 0.0026700999999960118 313600
160 0.0018305999999981282 409600
180 0.0022731999999976438 518400
200 0.002800399999998149 640000
500 0.018766100000000563 4000000
800 0.042579699999997445 10240000
1000 0.08733880000000482 16000000
1100 0.09550889999999868 19360000
1200 0.14408770000000004 23040000
1300 0.1748929999999973 27040000
1500 0.21954150000000539 36000000
