20 0.00044529999999554093 3360
30 0.0007529000000090491 7440
50 0.0003868000000011307 20400
100 0.0008607999999981075 80800
110 0.0017959999999987986 97680
120 0.009877399999993486 116160
140 0.0015184000000090236 157920
160 0.0010268000000053235 206080
180 0.0015073000000001002 260640
200 0.0034420000000068285 321600
500 0.007690699999997719 2004000
800 0.01982930000001204 5126400
1000 0.03629310000000885 8008000
1100 0.047974999999993884 9688800
1200 0.0536726999999928 11529600
1300 0.06899669999999958 13530400
1500 0.0951780000000042 18012000
