20 0.00022400000000288856 3360
30 0.000259599999992588 7440
50 0.0017066000000056647 20400
100 0.0012799000000001115 80800
110 0.001199700000000803 97680
120 0.0022833000000019865 116160
140 0.0013275999999962096 157920
160 0.001065100000005259 206080
180 0.0019587999999970407 260640
200 0.00410769999999161 321600
500 0.007417400000008456 2004000
800 0.020538299999998344 5126400
1000 0.03538760000000707 8008000
1100 0.04058839999999009 9688800
1200 0.05511099999999658 11529600
1300 0.0778111999999993 13530400
1500 0.09858380000000011 18012000
