20 0.0024439000000002764 4800
30 0.009743599999999741 10800
50 0.005162600000000239 30000
100 0.005927000000000238 120000
110 0.0027730999999997508 145200
120 0.0027167000000001273 172800
140 0.002723500000000101 235200
160 0.006346300000000138 307200
180 0.002877699999999983 388800
200 0.005358000000000196 480000
500 0.012228299999999859 3000000
800 0.027305699999999877 7680000
1000 0.054205599999999965 12000000
1100 0.06722340000000004 14520000
1200 0.09301119999999985 17280000
1300 0.10430969999999995 20280000
1500 0.1291106000000002 27000000
