20 0.00028769999999411766 1760
30 0.0002818000000033294 3840
50 0.0005761999999975842 10400
100 0.0048989000000005944 40800
110 0.0009054999999946745 49280
120 0.0010755000000060022 58560
140 0.0014909000000002948 79520
160 0.0015943999999947778 103680
180 0.01735010000000159 131040
200 0.21104700000000065 161600
500 0.024575600000005693 1004000
800 0.05478800000000206 2566400
1000 0.05585059999999942 4008000
1100 0.039517500000002315 4848800
1200 0.05947460000000149 5769600
1300 0.061560999999997534 6770400
1500 0.08703320000000048 9012000
