20 0.0002495000000095615 3360
30 0.0002190000000013015 7440
50 0.0004516999999992777 20400
100 0.0011599999999987176 80800
110 0.001084699999992722 97680
120 0.0008869999999916445 116160
140 0.0016399000000006936 157920
160 0.001051900000007322 206080
180 0.001281899999995062 260640
200 0.0016725999999920305 321600
500 0.014918200000010984 2004000
800 0.0378345999999965 5126400
1000 0.03392949999999928 8008000
1100 0.05367429999999729 9688800
1200 0.05962700000000609 11529600
1300 0.06721729999999582 13530400
1500 0.08830360000000326 18012000
