20 0.00023059999999475167 3360
30 0.00013380000000040582 7440
50 0.00021660000000167656 20400
100 0.0004645000000067512 80800
110 0.0003415000000046575 97680
120 0.00034970000000100754 116160
140 0.00045519999999044103 157920
160 0.0006446999999951686 206080
180 0.0010249999999984993 260640
200 0.0024688999999966654 321600
500 0.005406300000004194 2004000
800 0.01737439999999424 5126400
1000 0.03062169999999753 8008000
1100 0.03843249999999898 9688800
1200 0.04996850000000563 11529600
1300 0.05736089999999194 13530400
1500 0.08071909999999605 18012000
