20 0.000211799999998874 1760
30 0.00022520000000270102 3840
50 0.00019899999999850593 10400
100 0.00041079999999737993 40800
110 0.0003795999999987032 49280
120 0.0004115000000020075 58560
140 0.0005759999999987997 79520
160 0.0007929000000004294 103680
180 0.0007798999999977241 131040
200 0.0011380999999985875 161600
500 0.006299699999999575 1004000
800 0.01538280000000114 2566400
1000 0.044659499999998076 4008000
1100 0.0705929999999988 4848800
1200 0.047337900000002264 5769600
1300 0.04695789999999889 6770400
1500 0.06725180000000108 9012000
