20 0.0018529000000029328 6400
30 0.000598199999998883 14400
50 0.0004296999999979789 40000
100 0.0015996999999998707 160000
110 0.0017187999999990211 193600
120 0.00583239999999563 230400
140 0.0018051999999997292 313600
160 0.0017648000000036745 409600
180 0.0026556999999982622 518400
200 0.003991899999995496 640000
500 0.016115900000002625 4000000
800 0.05825339999999812 10240000
1000 0.07732959999999878 16000000
1100 0.18228399999999567 19360000
1200 0.28499389999999636 23040000
1300 0.3458994000000004 27040000
1500 0.414904099999994 36000000
