20 0.0006437700038077309 1760.0
30 0.017933679465204477 3840.0
50 0.006199010062846355 10400.0
100 0.011900549911661073 40800.0
110 0.012476359808351845 49280.0
120 0.0018861099961213768 58560.0
140 0.0024531300063245 79520.0
160 0.012627250282093883 103680.0
180 0.01775259991409257 131040.0
200 0.004492179909721017 161600.0
500 0.016160150151699783 1004000.0
800 0.026680609956383706 2566400.0
1000 0.15423843991011382 4008000.0
1100 0.053365640714764594 4848800.0
1200 0.11290206871926785 5769600.0
1300 0.09762677885591983 6770400.0
1500 0.13669133111834525 9012000.0
