20 0.00043980000000232167 1760
30 0.0022975999999985675 3840
50 0.0012079999999983215 10400
100 0.005709400000000642 40800
110 0.0015014000000022065 49280
120 0.0012589999999974566 58560
140 0.0015363999999991051 79520
160 0.001480399999998383 103680
180 0.002261900000000594 131040
200 0.016447800000001678 161600
500 0.040062900000002344 1004000
800 0.04587460000000476 2566400
1000 0.05067149999999998 4008000
1100 0.06786819999999949 4848800
1200 0.07069860000000006 5769600
1300 0.10476350000000423 6770400
1500 0.14803129999999953 9012000
