20 0.002287200000001377 4800
30 0.0006034000000010309 10800
50 0.0008951999999986526 30000
100 0.0026311000000003304 120000
110 0.0022140000000003823 145200
120 0.0020820999999990875 172800
140 0.003427800000000758 235200
160 0.002342200000001071 307200
180 0.0029837999999990927 388800
200 0.005517499999999842 480000
500 0.011983100000000135 3000000
800 0.028162499999998758 7680000
1000 0.04425960000000018 12000000
1100 0.06502829999999982 14520000
1200 0.09918309999999941 17280000
1300 0.2735431999999989 20280000
1500 0.13949920000000127 27000000
