20 0.00012350000000083128 3360
30 6.439999999940937e-05 7440
50 0.0001524000000046044 20400
100 0.00029620000000818436 80800
110 0.0003178000000048087 97680
120 0.0003965000000079044 116160
140 0.00045880000000408927 157920
160 0.0007678999999995995 206080
180 0.0010290000000026112 260640
200 0.0010668999999978723 321600
500 0.0075717999999938 2004000
800 0.016312599999992017 5126400
1000 0.031622799999993845 8008000
1100 0.03906170000000486 9688800
1200 0.04829829999999902 11529600
1300 0.056361600000002454 13530400
1500 0.07707299999999861 18012000
