20 0.00027639999998996245 3360
30 0.0004259999999902675 7440
50 0.0008186999999963973 20400
100 0.0008085000000050968 80800
110 0.0010622000000068965 97680
120 0.0016233999999997195 116160
140 0.0006569999999896936 157920
160 0.000903100000002155 206080
180 0.0014302999999955546 260640
200 0.0008940000000023929 321600
500 0.014588599999996177 2004000
800 0.036652700000004756 5126400
1000 0.06664590000001169 8008000
1100 0.1566473999999971 9688800
1200 0.08626619999999718 11529600
1300 0.10510409999999126 13530400
1500 0.13529099999999517 18012000
