20 0.0002995000000041159 1760
30 0.0009538999999989528 3840
50 0.00048609999999627007 10400
100 0.0010441000000014355 40800
110 0.00853039999999794 49280
120 0.0012196000000059826 58560
140 0.0014674999999968463 79520
160 0.0016677000000058229 103680
180 0.0018834999999981505 131040
200 0.0020019000000033316 161600
500 0.007269399999998427 1004000
800 0.01947160000000281 2566400
1000 0.03121060000000142 4008000
1100 0.043723399999997525 4848800
1200 0.32727830000000324 5769600
1300 0.059064700000000414 6770400
1500 0.0944098000000011 9012000
