20 0.00026479999999651227 3360
30 0.004238299999997253 7440
50 0.004506699999993202 20400
100 0.06231830000000116 80800
110 0.011657300000010196 97680
120 0.061185500000007664 116160
140 0.024403300000003014 157920
160 0.011043899999990003 206080
180 0.020963899999998148 260640
200 0.0038445999999936475 321600
500 0.01297459999999262 2004000
800 0.056527799999997796 5126400
1000 0.040763200000000666 8008000
1100 0.04370900000000688 9688800
1200 0.0748279000000025 11529600
1300 0.24778050000000462 13530400
1500 0.0991953000000052 18012000
