20 0.00026770000000198024 1760
30 0.00028739999999771726 3840
50 0.00045479999999997744 10400
100 0.0007870000000025357 40800
110 0.001343999999996015 49280
120 0.0020456999999964864 58560
140 0.0013492999999940025 79520
160 0.0020395999999962555 103680
180 0.0013026999999965483 131040
200 0.002051199999996811 161600
500 0.007508600000001309 1004000
800 0.018298600000001386 2566400
1000 0.028593100000001925 4008000
1100 0.04975499999999755 4848800
1200 0.06230779999999925 5769600
1300 0.055787700000003326 6770400
1500 0.13296650000000199 9012000
