20 0.0002594000000009089 1760
30 0.0003361999999995646 3840
50 0.000842699999999752 10400
100 0.0010624000000021283 40800
110 0.002111299999999261 49280
120 0.001019399999997006 58560
140 0.005525900000002082 79520
160 0.0011729000000002543 103680
180 0.001803299999998842 131040
200 0.002119399999997995 161600
500 0.010551700000000608 1004000
800 0.01849250000000069 2566400
1000 0.03589250000000277 4008000
1100 0.0419091999999992 4848800
1200 0.043529400000000606 5769600
1300 0.05652549999999934 6770400
1500 0.08936509999999842 9012000
