20 0.0005227999999988242 3360
30 0.0012055999999915912 7440
50 0.00044160000000204036 20400
100 0.0013186999999987847 80800
110 0.0010768000000069833 97680
120 0.006260899999986691 116160
140 0.0013710000000060063 157920
160 0.001039599999998586 206080
180 0.0023326999999966347 260640
200 0.0025783000000103584 321600
500 0.006717299999991155 2004000
800 0.02532200000000273 5126400
1000 0.04172230000000354 8008000
1100 0.05120340000000567 9688800
1200 0.06007029999999247 11529600
1300 0.07101819999999748 13530400
1500 0.10287040000000047 18012000
