20 0.00257719999999928 4800
30 0.0008796999999995947 10800
50 0.004170900000000088 30000
100 0.0016828000000002064 120000
110 0.0018370000000000886 145200
120 0.002295499999999784 172800
140 0.003035300000000518 235200
160 0.003212100000000717 307200
180 0.003151800000000371 388800
200 0.004801200000000172 480000
500 0.013574600000000103 3000000
800 0.02960959999999968 7680000
1000 0.04409640000000081 12000000
1100 0.06162959999999984 14520000
1200 0.08279760000000014 17280000
1300 0.09530379999999994 20280000
1500 0.12711500000000076 27000000
