20 0.00028149999999982356 3360
30 0.0013037000000082344 7440
50 0.0004428000000018528 20400
100 0.0009148999999979424 80800
110 0.0010806000000087579 97680
120 0.004186000000004242 116160
140 0.0012427000000059252 157920
160 0.001734700000000089 206080
180 0.002231199999997102 260640
200 0.0019939999999962765 321600
500 0.007677200000003381 2004000
800 0.05555400000000077 5126400
1000 0.20930979999999977 8008000
1100 0.04759910000001355 9688800
1200 0.05851040000000296 11529600
1300 0.0746627999999987 13530400
1500 0.09415280000000337 18012000
