20 0.002013600000005056 1760
30 0.14656820000000437 3840
50 0.04591250000000002 10400
100 0.09399399999999503 40800
110 0.07194259999999986 49280
120 0.0018997000000027242 58560
140 0.0021182999999993513 79520
160 0.001449999999998397 103680
180 0.021396299999999258 131040
200 0.0033783000000013885 161600
500 0.010083000000001618 1004000
800 0.020962100000005535 2566400
1000 0.32719930000000375 4008000
1100 0.05598239999999777 4848800
1200 0.07084759999999335 5769600
1300 0.2744718000000006 6770400
1500 0.11762309999999587 9012000
