20 0.00033499999999264674 3360
30 0.0004612999999977774 7440
50 0.00048510000000590026 20400
100 0.0008631000000036693 80800
110 0.000942499999993629 97680
120 0.0008777999999978192 116160
140 0.0019283000000029915 157920
160 0.001030600000007098 206080
180 0.0015168999999986 260640
200 0.0022438999999963016 321600
500 0.007874599999993848 2004000
800 0.02429979999999432 5126400
1000 0.04288680000000511 8008000
1100 0.22521450000000698 9688800
1200 0.05890589999999918 11529600
1300 0.0665240999999952 13530400
1500 0.09153620000000728 18012000
