20 0.00012710000000026866 1760
30 6.669999999786569e-05 3840
50 0.0001792000000016003 10400
100 0.0004212000000016758 40800
110 0.00044499999999914053 49280
120 0.0003677999999993631 58560
140 0.00048770000000075697 79520
160 0.0010134000000014964 103680
180 0.0007650999999988528 131040
200 0.0010423999999993327 161600
500 0.00517719999999855 1004000
800 0.01395249999999848 2566400
1000 0.027458200000001654 4008000
1100 0.05337379999999925 4848800
1200 0.057777999999999 5769600
1300 0.050624400000000236 6770400
1500 0.06724859999999921 9012000
