20 0.00031289999999906115 1760
30 0.005228599999998806 3840
50 0.00047110000000039065 10400
100 0.004276899999998918 40800
110 0.0011489000000004523 49280
120 0.001134699999999711 58560
140 0.0013956000000003854 79520
160 0.0012641000000002123 103680
180 0.00306940000000111 131040
200 0.0022065999999991703 161600
500 0.008054200000000122 1004000
800 0.018008699999999322 2566400
1000 0.03354389999999974 4008000
1100 0.04005109999999945 4848800
1200 0.11360499999999973 5769600
1300 0.21293020000000062 6770400
1500 0.09437879999999943 9012000
