20 0.0002679300028830767 1760.0
30 0.008289720377069898 3840.0
50 0.0009673100139480084 10400.0
100 0.013427610317012294 40800.0
110 0.0019715900009032337 49280.0
120 0.0027829300030134617 58560.0
140 0.0016671600169502199 79520.0
160 0.0018776899785734713 103680.0
180 0.0030660999240353704 131040.0
200 0.0037586500169709326 161600.0
500 0.03256510961800814 1004000.0
800 0.04045858066529036 2566400.0
1000 0.03241569008678198 4008000.0
1100 0.047441670298576356 4848800.0
1200 0.11258692070841789 5769600.0
1300 0.06455233991146088 6770400.0
1500 0.10820735096931458 9012000.0
