20 0.0004903999999896769 3360
30 0.0036337000000088437 7440
50 0.0018342999999987342 20400
100 0.0015822000000014214 80800
110 0.00117419999999413 97680
120 0.0012894999999986112 116160
140 0.0016614000000032547 157920
160 0.0014646999999996524 206080
180 0.0035811000000052218 260640
200 0.0016078999999962207 321600
500 0.008735700000002566 2004000
800 0.020421399999989376 5126400
1000 0.04128519999999014 8008000
1100 0.04519120000000498 9688800
1200 0.05796390000000429 11529600
1300 0.0755258000000083 13530400
1500 0.7047198000000066 18012000
