20 0.00034410000000306695 1760
30 0.00037090000000006285 3840
50 0.0008075000000005161 10400
100 0.0006675000000022635 40800
110 0.0009547000000011963 49280
120 0.0011583999999977834 58560
140 0.0003984999999993022 79520
160 0.000689300000001225 103680
180 0.0014501000000031183 131040
200 0.0011542000000019925 161600
500 0.018835199999998053 1004000
800 0.03434910000000002 2566400
1000 0.05626039999999932 4008000
1100 0.06744570000000039 4848800
1200 0.10334840000000156 5769600
1300 0.16747630000000058 6770400
1500 0.13147659999999917 9012000
