20 0.0020719999999982974 6400
30 0.0003000999999969167 14400
50 0.0059952000000009775 40000
100 0.0016713999999993234 160000
110 0.0016085999999972955 193600
120 0.0016999999999995907 230400
140 0.0018647999999998888 313600
160 0.0026305000000022005 409600
180 0.0030861000000044214 518400
200 0.003108399999995015 640000
500 0.018383499999998776 4000000
800 0.04124039999999951 10240000
1000 0.08154189999999772 16000000
1100 0.5507767000000001 19360000
1200 0.5603459999999956 23040000
1300 0.3885272999999998 27040000
1500 0.40730620000000073 36000000
