20 0.0006542000046465546 1760.0
30 0.0019237099826568738 3840.0
50 0.0005754899961175397 10400.0
100 0.01677980038803071 40800.0
110 0.011347520077833906 49280.0
120 0.0016408600029535591 58560.0
140 0.002530439989641309 79520.0
160 0.003129719931166619 103680.0
180 0.0042753999819979075 131040.0
200 0.025938649335876106 161600.0
500 0.015057989954948425 1004000.0
800 0.023513660207390784 2566400.0
1000 0.07860376909375191 4008000.0
1100 0.04352757968008518 4848800.0
1200 0.07105814926326275 5769600.0
1300 0.060454089939594266 6770400.0
1500 0.09411965012550354 9012000.0
