20 0.00026469999998823823 3360
30 0.0002520999999973128 7440
50 0.00036769999999819447 20400
100 0.0019324000000011665 80800
110 0.0010390000000057853 97680
120 0.0011623999999983425 116160
140 0.005172500000000468 157920
160 0.001576999999997497 206080
180 0.003823699999998098 260640
200 0.002177100000011478 321600
500 0.00824790000000064 2004000
800 0.019802600000005555 5126400
1000 0.039260100000007014 8008000
1100 0.048940700000002835 9688800
1200 0.06031520000000512 11529600
1300 0.06782019999999989 13530400
1500 0.10344600000000526 18012000
