20 0.0003163000000014904 6400
30 0.00027560000000192986 14400
50 0.000575999999995247 40000
100 0.0014247000000011667 160000
110 0.0014204999999947177 193600
120 0.0016660000000001673 230400
140 0.0020141000000037934 313600
160 0.005468999999997948 409600
180 0.003362600000002658 518400
200 0.0037757999999996628 640000
500 0.012888900000000092 4000000
800 0.03927120000000173 10240000
1000 0.06552940000000262 16000000
1100 0.08454210000000018 19360000
1200 0.10753530000000211 23040000
1300 0.14210620000000063 27040000
1500 0.19735470000000532 36000000
