20 0.00022069999999985157 3360
30 0.0003251000000119575 7440
50 0.0008184999999940601 20400
100 0.0005640000000113332 80800
110 0.0008148999999946227 97680
120 0.0010949999999922966 116160
140 0.0005364999999954989 157920
160 0.0010331999999948493 206080
180 0.0016711999999898808 260640
200 0.0009040999999996302 321600
500 0.016973299999989422 2004000
800 0.036698699999988094 5126400
1000 0.057728500000010285 8008000
1100 0.07198259999999834 9688800
1200 0.09255249999999648 11529600
1300 0.17990410000000168 13530400
1500 0.13829030000000841 18012000
