20 0.0003085000000027094 3360
30 0.0003799999999927195 7440
50 0.000903899999997293 20400
100 0.0007694999999898755 80800
110 0.0015006999999940263 97680
120 0.0014340999999973292 116160
140 0.00047200000000202635 157920
160 0.0009341000000091526 206080
180 0.001390499999999406 260640
200 0.0007001999999971531 321600
500 0.01403860000000634 2004000
800 0.038980399999999804 5126400
1000 0.0636523000000011 8008000
1100 0.06987949999999898 9688800
1200 0.09046739999999431 11529600
1300 0.18475229999999954 13530400
1500 0.1376710999999915 18012000
