20 0.0002612999999982435 1760
30 0.002019000000004212 3840
50 0.0004404000000022279 10400
100 0.0011001000000021577 40800
110 0.004626100000002964 49280
120 0.001152099999998768 58560
140 0.0014679000000015208 79520
160 0.0008867999999964127 103680
180 0.0014238999999989232 131040
200 0.002153899999996156 161600
500 0.008112900000000423 1004000
800 0.018747899999993933 2566400
1000 0.037022199999995564 4008000
1100 0.04908110000000221 4848800
1200 0.04826110000000483 5769600
1300 0.06161389999999756 6770400
1500 0.2681374999999946 9012000
