20 0.0002676999999948748 1760
30 0.0022775999999993246 3840
50 0.0009474999999952161 10400
100 0.0009602999999955841 40800
110 0.0009715999999997393 49280
120 0.002967099999999334 58560
140 0.0018968999999984248 79520
160 0.0011712999999957674 103680
180 0.004284300000001906 131040
200 0.0028372000000018716 161600
500 0.008626400000004253 1004000
800 0.01770190000000582 2566400
1000 0.031603999999994414 4008000
1100 0.04921199999999715 4848800
1200 0.06429760000000329 5769600
1300 0.058916399999993985 6770400
1500 0.08169960000000032 9012000
