20 0.00025350000000123885 1760
30 0.003428100000000711 3840
50 0.0034735999999995215 10400
100 0.001173899999999506 40800
110 0.0008018000000014069 49280
120 0.0009344999999996162 58560
140 0.0015618000000010568 79520
160 0.0010055999999991627 103680
180 0.0019251000000011231 131040
200 0.002144300000001209 161600
500 0.008000799999999586 1004000
800 0.018551900000000288 2566400
1000 0.03439010000000131 4008000
1100 0.0497096999999993 4848800
1200 0.04951740000000093 5769600
1300 0.07650300000000065 6770400
1500 0.08032279999999936 9012000
