20 0.00018769999999790343 1760
30 0.00013509999999783417 3840
50 0.0002135000000009768 10400
100 0.0003718000000034749 40800
110 0.0004671999999992238 49280
120 0.0004789999999985639 58560
140 0.0007774000000004833 79520
160 0.0011261999999980787 103680
180 0.0015338999999983116 131040
200 0.0009545000000024118 161600
500 0.0050711000000021045 1004000
800 0.015584400000001608 2566400
1000 0.045924700000000485 4008000
1100 0.059227599999999825 4848800
1200 0.05018859999999847 5769600
1300 0.05652759999999901 6770400
1500 0.06476639999999989 9012000
