20 0.0002655999999987557 1760
30 0.00027550000000076125 3840
50 0.0010298000000048546 10400
100 0.012520099999996148 40800
110 0.0013853999999966504 49280
120 0.001956999999997322 58560
140 0.001367500000000632 79520
160 0.0009002000000037924 103680
180 0.0015530000000012478 131040
200 0.001963699999997459 161600
500 0.008600299999997674 1004000
800 0.018444100000003516 2566400
1000 0.03398580000000351 4008000
1100 0.0402842000000021 4848800
1200 0.05120370000000207 5769600
1300 0.11009359999999901 6770400
1500 0.1775365000000022 9012000
