20 0.00026420000000371147 3360
30 0.000400999999996543 7440
50 0.00041789999998798066 20400
100 0.000815200000005234 80800
110 0.0008909999999957563 97680
120 0.0009339000000068154 116160
140 0.0013340999999940095 157920
160 0.0017322999999862532 206080
180 0.0014850999999964642 260640
200 0.0016870000000039909 321600
500 0.008373000000005959 2004000
800 0.023348100000006866 5126400
1000 0.035769500000000676 8008000
1100 0.038762300000001915 9688800
1200 0.05140190000000189 11529600
1300 0.06279849999999954 13530400
1500 0.32221079999999347 18012000
