20 0.001138999999994894 3360
30 0.020373399999996877 7440
50 0.022116299999993316 20400
100 0.0016578000000038173 80800
110 0.001205499999997528 97680
120 0.0012957000000000107 116160
140 0.001503900000003 157920
160 0.013361700000004362 206080
180 0.0030661999999921363 260640
200 0.0019857999999999265 321600
500 0.01018829999999582 2004000
800 0.026157299999994166 5126400
1000 0.03884870000000262 8008000
1100 0.04445859999999868 9688800
1200 0.0587265000000059 11529600
1300 0.07527179999999589 13530400
1500 0.11036310000000071 18012000
