20 0.00026610000000459877 1760
30 0.004028800000000388 3840
50 0.00920749999999515 10400
100 0.002452400000002797 40800
110 0.0011955000000014593 49280
120 0.001580300000000534 58560
140 0.003957100000000935 79520
160 0.00242240000000038 103680
180 0.01708070000000106 131040
200 0.0016925999999983787 161600
500 0.008678299999999695 1004000
800 0.021301099999995188 2566400
1000 0.4306663999999998 4008000
1100 0.07210680000000025 4848800
1200 0.2016972999999993 5769600
1300 0.08471759999999762 6770400
1500 0.19515779999999694 9012000
