20 0.0002807999999987487 3360
30 0.02461339999999268 7440
50 0.0004737999999946396 20400
100 0.07632080000000485 80800
110 0.05828350000000171 97680
120 0.06729990000000896 116160
140 0.013319899999999052 157920
160 0.0034648000000032653 206080
180 0.0018644000000023198 260640
200 0.0031981000000058657 321600
500 0.009442199999995182 2004000
800 0.02639109999999789 5126400
1000 0.039098499999994374 8008000
1100 0.04674529999999777 9688800
1200 0.08041900000000624 11529600
1300 0.19575430000000438 13530400
1500 0.08972380000000157 18012000
