20 0.0001680999999997823 1760
30 0.0003087999999991098 3840
50 0.00023350000000021964 10400
100 0.0005665000000014686 40800
110 0.0010322999999985427 49280
120 0.0005163999999986402 58560
140 0.0006488999999980649 79520
160 0.0008549000000002138 103680
180 0.0012542999999993754 131040
200 0.0011562000000004957 161600
500 0.006746500000001987 1004000
800 0.013791300000001172 2566400
1000 0.03545910000000063 4008000
1100 0.06918059999999926 4848800
1200 0.04858029999999758 5769600
1300 0.05106450000000251 6770400
1500 0.07489550000000023 9012000
