20 0.00029039999935775995 3360.0
30 0.0038718600801075807 7440.0
50 0.0024277899152366444 20400.0
100 0.010824489739025011 80800.0
110 0.012847090011928231 97680.0
120 0.011834090371849015 116160.0
140 0.006216510164085776 157920.0
160 0.004604799923254177 206080.0
180 0.003890509996563196 260640.0
200 0.002462959988042712 321600.0
500 0.01096075987443328 2004000.0
800 0.026627549901604652 5126400.0
1000 0.05969525016844272 8008000.0
1100 0.08708746023476124 9688800.0
1200 0.08086444102227688 11529600.0
1300 0.08123933076858521 13530400.0
1500 0.10414304062724114 18012000.0
