20 0.0010128099907888099 3360.0
30 0.0006195299996761605 7440.0
50 0.0012755999865476041 20400.0
100 0.0007267399982083589 80800.0
110 0.0013340200064703822 97680.0
120 0.0013631899957545102 116160.0
140 0.0005115800042403862 157920.0
160 0.0009168000018689781 206080.0
180 0.0015922400052659214 260640.0
200 0.0009018699929583818 321600.0
500 0.015592680033296346 2004000.0
800 0.03926700949668884 5126400.0
1000 0.06923057921230794 8008000.0
1100 0.09107970967888832 9688800.0
1200 0.08879220858216286 11529600.0
1300 0.1260981500148773 13530400.0
1500 0.14377164989709854 18012000.0
