20 0.00027199999999538704 3360
30 0.00028949999999383635 7440
50 0.0005887000000086573 20400
100 0.0011283999999989192 80800
110 0.0009505000000018526 97680
120 0.0012422000000071876 116160
140 0.0015107999999912636 157920
160 0.0017173000000099137 206080
180 0.0018527000000005955 260640
200 0.002243500000005838 321600
500 0.01160999999999035 2004000
800 0.031249500000001262 5126400
1000 0.04347390000000928 8008000
1100 0.053456400000001736 9688800
1200 0.5378634000000062 11529600
1300 0.07944399999999519 13530400
1500 0.11328720000000203 18012000
