20 0.00016349999999931697 1760
30 0.00016929999999959477 3840
50 0.00018580000000056884 10400
100 0.00039579999999972415 40800
110 0.0005753000000012776 49280
120 0.0005707999999984281 58560
140 0.0007193000000000893 79520
160 0.0009902000000003852 103680
180 0.0013508000000008735 131040
200 0.001209100000000518 161600
500 0.006263300000000527 1004000
800 0.019608800000000315 2566400
1000 0.03675209999999751 4008000
1100 0.06245550000000222 4848800
1200 0.07943249999999935 5769600
1300 0.04946610000000007 6770400
1500 0.07011599999999873 9012000
