20 0.0002957999999964045 1760
30 0.00041650000000004184 3840
50 0.0012474000000040064 10400
100 0.0013338999999987777 40800
110 0.0012521000000020877 49280
120 0.0010283000000015363 58560
140 0.0013926000000026306 79520
160 0.00179109999999838 103680
180 0.003880099999996389 131040
200 0.004351299999996172 161600
500 0.011552999999999258 1004000
800 0.017844600000003652 2566400
1000 0.03452910000000031 4008000
1100 0.04010759999999891 4848800
1200 0.056977799999998524 5769600
1300 0.06480820000000165 6770400
1500 0.08866019999999963 9012000
