20 0.002049900000000271 4800
30 0.0004441999999995616 10800
50 0.0007703999999995048 30000
100 0.005364600000000053 120000
110 0.0029621000000004116 145200
120 0.002423499999999912 172800
140 0.003396300000000352 235200
160 0.002885700000000213 307200
180 0.003324899999999964 388800
200 0.003429200000000243 480000
500 0.013454700000000486 3000000
800 0.03314479999999964 7680000
1000 0.04989280000000029 12000000
1100 0.08196929999999991 14520000
1200 0.0932113999999995 17280000
1300 0.10759119999999989 20280000
1500 0.1303648000000006 27000000
