20 0.008740299999999479 0.01865980000000178
30 0.003940599999999961 0.009047400000000039
50 0.005935499999999649 0.028495899999999352
100 0.004477500000000134 0.02911059999999921
110 0.007568499999997869 0.04720740000000134
120 0.009138599999999997 0.036711300000000335
140 0.003950299999999629 0.03697109999999881
160 0.014687399999999684 0.03649649999999838
180 0.00417979999999929 0.049223099999998965
200 0.011637799999999032 0.047097400000001954
500 0.004432900000001183 0.13632639999999796
800 0.013434600000000074 0.23983139999999992
1000 0.005960999999999217 0.33479850000000155
1100 0.022432099999999622 0.3937677999999991
1200 0.007197900000001312 0.403769699999998
1300 0.00716549999999927 0.4785686000000027
1500 0.007546299999997785 0.5234693999999998
3000 0.006046200000000113 2.1260571000000006
20 0.00302250000000015 0.01837370000000149
30 0.00446460000000215 0.013213799999999054
50 0.004215599999998432 0.012836100000001238
100 0.0054379999999980555 0.0391906000000013
110 0.005265899999997714 0.03147300000000186
120 0.013885399999999493 0.06186650000000071
140 0.08385990000000021 0.14883499999999827
160 0.007350899999998717 0.046085000000001486
180 0.003277499999999378 0.05870529999999974
200 0.002894200000000069 0.052877699999999805
500 0.005875499999998368 0.15380220000000122
800 0.00887339999999881 0.2667172000000022
1000 0.006260900000000902 0.3986029000000002
1100 0.006568600000001368 0.3663457000000001
1200 0.013640399999999886 0.37375589999999903
1300 0.004502900000002086 0.4008787999999974
1500 0.004000900000001195 0.5681566999999994
3000 0.005029699999997916 1.4500389000000027
20 0.0038669999999996207 0.016738600000000048
30 0.0039015000000013345 0.006226599999997973
50 0.00565700000000291 0.012155599999999822
100 0.022059999999999746 0.024156700000002473
110 0.005983599999996869 0.024334600000003093
120 0.004466700000001822 0.049762299999997595
140 0.005234699999999037 0.043714300000001316
160 0.006609499999999713 0.0668249000000003
180 0.004208800000000679 0.06908439999999771
200 0.0031253000000006637 0.05193140000000085
500 0.004844799999997207 0.14040130000000062
800 0.004389799999998445 0.24095600000000061
1000 0.003484900000000124 0.27231729999999743
1100 0.004294000000001574 0.3416751999999974
1200 0.004832300000000345 0.43437199999999976
1300 0.009289100000000161 0.4936097000000004
1500 0.004923699999999087 0.5896435999999987
3000 0.004263300000001635 1.6033497999999966
20 0.003465399999996066 0.01855059999999753
30 0.0039044000000032497 0.013793700000000797
50 0.004027500000006512 0.01911519999999456
100 0.01361760000000345 0.04227549999999525
110 0.003992300000000171 0.02768670000000384
120 0.010308899999998289 0.03969710000000504
140 0.009112500000000523 0.03267600000000215
160 0.0034605999999968162 0.05590839999999986
180 0.0028049000000009983 0.04080019999999962
200 0.003190400000001148 0.05859299999999479
500 0.0030752000000049406 0.12762499999999477
800 0.0037049999999965166 0.21844670000000121
1000 0.006607699999996441 0.2974229000000008
1100 0.004828400000000954 0.33884259999999955
1200 0.0032597000000009757 0.4063281000000032
1300 0.005771700000003932 0.4584169999999972
1500 0.005435499999997262 0.5865630999999993
3000 0.0050255000000021255 2.160670699999997
20 0.004666300000003787 0.02129730000000052
30 0.007085299999999961 0.008899300000003052
50 0.0047432000000000585 0.02299520000000399
100 0.0033304000000029532 0.028290599999998278
110 0.01296440000000132 0.043895899999995436
120 0.008188900000000388 0.04335009999999784
140 0.004877299999996865 0.04423540000000514
160 0.006398799999999483 0.06103000000000236
180 0.007943400000002043 0.07063740000000251
200 0.004769699999997101 0.198575500000004
500 0.014218499999998357 0.30125079999999826
800 0.0035512000000039734 0.29215870000000166
1000 0.00598680000000229 0.3563557999999958
1100 0.008270400000000677 0.3786455999999987
1200 0.009726000000000568 0.4668542000000002
1300 0.022129400000004296 0.5869736999999944
1500 0.002865699999993865 0.8119276000000042
3000 0.009622199999995473 2.1396316000000013
20 0.00483830000000296 0.01779979999999881
30 0.00510359999999821 0.019504900000001157
50 0.006409999999995364 0.010744500000001267
100 0.005552399999999125 0.026846700000000112
110 0.014839799999997183 0.030318300000004683
120 0.0027078999999972098 0.04055200000000525
140 0.004123100000001045 0.041133000000002085
160 0.015287100000001885 0.03902000000000072
180 0.0036164999999996894 0.05283030000000366
200 0.004693299999999567 0.05107699999999937
500 0.007070099999999968 0.1323249000000004
800 0.010019899999996085 0.24906539999999922
1000 0.038176300000003494 0.762270799999996
1100 0.004619600000005164 0.37189449999999624
1200 0.003345099999997103 0.46237839999999863
1300 0.004508699999995258 0.7299367000000032
1500 0.005198999999997511 0.7163431999999972
3000 0.006748900000005165 1.717342599999995
20 0.00382460000000151 0.021136099999999658
30 0.003910400000002312 0.013519700000003354
50 0.003905799999998294 0.01668439999999549
100 0.0029973999999981515 0.04049590000000336
110 0.003913000000004274 0.029621999999996262
120 0.0045452000000025805 0.0351815000000002
140 0.007327000000003636 0.0345532999999989
160 0.006963299999995343 0.05273970000000361
180 0.011395299999996666 0.05696600000000274
200 0.004596100000000547 0.07504529999999932
500 0.0037688999999971884 0.17218129999999832
800 0.00441269999999605 0.2116509000000022
1000 0.004097999999999047 0.2953497000000027
1100 0.0030566999999948052 0.29570580000000035
1200 0.003828300000002116 0.33333470000000176
1300 0.0055145000000038635 0.38292450000000144
1500 0.004535800000006418 0.5024954999999949
3000 0.0038321000000038907 1.790912199999994
20 0.0064614999999932365 0.024704200000002174
30 0.004117700000001889 0.01788169999999667
50 0.011860900000002061 0.015376799999998525
100 0.004097399999999141 0.03952270000000624
110 0.004670400000001962 0.053110400000001334
120 0.003921400000002961 0.04013350000000315
140 0.004846600000000478 0.050175400000000536
160 0.002793599999996843 0.04031940000000134
180 0.0032324999999957527 0.05382570000000442
200 0.0034253999999975804 0.04593780000000436
500 0.0037927999999993744 0.12950599999999923
800 0.0036525000000011687 0.2047713999999985
1000 0.0046141999999989025 0.2627640999999983
1100 0.005370000000006314 0.2936617999999953
1200 0.005255500000004076 0.3369479999999996
1300 0.004681300000001443 0.3659073000000035
1500 0.003909900000003574 0.44602599999999626
3000 0.004176099999995131 1.3992582000000056
20 0.0037157000000007656 0.01830309999999713
30 0.007319299999998918 0.008146799999998677
50 0.006817800000000318 0.02469380000000143
100 0.009466699999997275 0.02961100000000272
110 0.0051981000000012045 0.030143099999996537
120 0.0051661999999979 0.03982340000000306
140 0.0042058000000011475 0.03596950000000021
160 0.002541999999998268 0.04955230000000199
180 0.0033504999999962592 0.04474309999999804
200 0.0025552999999973736 0.05539740000000393
500 0.00404710000000108 0.12564199999999914
800 0.004752099999997483 0.2164453999999978
1000 0.005382900000000745 0.2637323000000009
1100 0.004570100000002242 0.3079491999999959
1200 0.004501899999993952 0.3407561000000001
1300 0.0028095999999990795 0.3748643000000058
1500 0.010169500000003495 0.4753224999999972
3000 0.0036066999999988525 1.4207374000000002
20 0.004234199999999078 0.021523200000004294
30 0.004327699999997492 0.008914500000003045
50 0.012897399999999948 0.015987100000003807
100 0.00480879999999928 0.04025790000000029
110 0.003933000000003517 0.03333629999999488
120 0.008250300000000266 0.034326899999996385
140 0.003178900000001761 0.0357845999999995
160 0.002715899999998328 0.04691320000000587
180 0.0038549000000003275 0.042296299999996734
200 0.003524400000003425 0.05429360000000116
500 0.005991999999999109 0.12844429999999818
800 0.004397499999996057 0.21422030000000092
1000 0.0037768000000042434 0.2745213999999976
1100 0.0040565999999984115 0.32332910000000226
1200 0.003724699999999359 0.34963650000000257
1300 0.004419399999989082 0.3692364999999995
1500 0.01003659999999229 0.4857841000000036
3000 0.004894899999996483 1.6614083999999991
