20 0.00014990000000003612 0.02233560000000001
30 0.00020110000000006512 0.0007395999999999514
50 8.819999999998274e-05 0.0008573000000000608
100 0.0003779000000000421 0.0011425999999999936
110 0.0002299000000000051 0.0017857000000000012
120 0.00037200000000003897 0.0014176999999999662
140 0.0007088000000000649 0.0019496999999999431
160 0.0014823999999999948 0.0031946000000000474
180 0.002658700000000014 0.004926899999999956
200 0.003420899999999949 0.0030559000000000003
500 0.0082179 0.014089999999999936
800 0.027683400000000025 0.042188
1000 0.04679049999999996 0.05937680000000001
1100 0.05285109999999993 0.06403740000000002
1200 0.05584840000000002 0.05701080000000003
1300 0.07576280000000013 0.08747229999999995
1500 0.0969812000000001 0.10722279999999995
3000 0.5617476000000001 0.6442220999999999
20 0.016015400000000124 0.014997999999999845
30 0.0002523000000000941 0.0035484999999999545
50 0.00027600000000038705 0.0007956000000000074
100 0.00018959999999967891 0.0011399000000000825
110 0.0002813000000001509 0.0018791000000000224
120 0.00025870000000027815 0.0022902999999998563
140 0.0004382000000000552 0.0016658000000000506
160 0.0013289000000002993 0.0018061000000000327
180 0.002035599999999693 0.002294400000000252
200 0.0024884999999996715 0.0034779000000000337
500 0.011207000000000189 0.013174199999999914
800 0.03762640000000017 0.0447514
1000 0.06222900000000031 0.056491399999999636
1100 0.06372959999999983 0.07555880000000004
1200 0.05742169999999991 0.047352400000000294
1300 0.06397070000000005 0.06982169999999988
1500 0.08664499999999986 0.09010770000000035
3000 0.4402214999999998 0.41857480000000047
20 0.013498199999999905 0.006547700000000489
30 0.00010970000000032343 0.0006558999999999315
50 5.710000000025417e-05 0.0004523000000000721
100 0.00016010000000044045 0.0006680999999995052
110 0.0003160000000006491 0.0012999999999996348
120 0.00037589999999987356 0.0013518999999995174
140 0.0003654999999991304 0.0015519000000008276
160 0.0007409999999996586 0.001758999999999844
180 0.0008806000000003422 0.0017772999999996486
200 0.0022063000000001054 0.002648300000000603
500 0.0083202 0.009843000000000046
800 0.023261200000000315 0.021460100000000537
1000 0.03973150000000025 0.033112399999999376
1100 0.048895600000000705 0.04659369999999985
1200 0.062020500000000034 0.05853839999999977
1300 0.08456490000000016 0.09049460000000042
1500 0.08323849999999933 0.10607210000000045
3000 0.39703979999999994 0.5649308
20 0.025481499999999713 0.010776599999999803
30 0.00013430000000003162 0.0014620999999994666
50 0.00010729999999981032 0.0008996999999997257
100 0.00025630000000020914 0.0025687000000003124
110 0.0019442000000005066 0.0021788999999996506
120 0.0003494999999995585 0.0013800000000001589
140 0.0003668000000001115 0.0016736000000001638
160 0.0009542000000006823 0.0022966999999995963
180 0.001076000000000299 0.002550700000000461
200 0.0026535000000000863 0.0020492000000000843
500 0.007341300000000217 0.009737499999999955
800 0.028197899999999443 0.030889600000000073
1000 0.040078499999999906 0.050192000000000014
1100 0.04536259999999981 0.06386160000000007
1200 0.06860460000000046 0.06467310000000026
1300 0.08351220000000037 0.07417090000000037
1500 0.1060004000000001 0.0987966999999994
3000 0.46891829999999945 0.42905119999999997
20 0.013321999999999612 0.007074500000000761
30 8.85999999997722e-05 0.0006675999999998794
50 9.440000000005e-05 0.0006915999999996814
100 0.0003066000000000457 0.001109600000000377
110 0.0002509000000001649 0.002487299999999415
120 0.0004325999999998942 0.001126199999999855
140 0.0003404000000006846 0.0016224999999998602
160 0.0007545999999996056 0.0017222999999999544
180 0.0015382999999999925 0.0022668999999995165
200 0.0015213000000002808 0.0028090000000000614
500 0.006380199999999725 0.00922529999999977
800 0.021283899999999356 0.02192160000000065
1000 0.04740430000000018 0.04648149999999962
1100 0.04454600000000042 0.04255889999999951
1200 0.05189749999999904 0.04713460000000147
1300 0.061939100000000025 0.06053690000000067
1500 0.08777279999999976 0.10934139999999992
3000 0.6380639000000006 0.47759959999999957
20 0.018140600000000617 0.008235799999999571
30 0.0001087999999995759 0.00043890000000068596
50 6.0599999999411125e-05 0.00038379999999982317
100 0.0001774999999994975 0.0005503000000004477
110 0.00014630000000082077 0.0010083000000005171
120 0.00028050000000057196 0.0016193999999991604
140 0.0002219000000014404 0.0010158999999987373
160 0.0008148999999999518 0.0015727999999999298
180 0.0007871000000001516 0.001480000000000814
200 0.00170989999999982 0.0027767999999994686
500 0.006404299999999807 0.010067999999998634
800 0.022474100000000163 0.03546489999999913
1000 0.04050659999999873 0.04735120000000137
1100 0.04831900000000111 0.04989619999999917
1200 0.04956119999999942 0.0570959000000002
1300 0.07106470000000087 0.11902620000000042
1500 0.13545970000000018 0.11338079999999984
3000 0.418569999999999 0.4961911000000008
20 0.019656599999999358 0.014514899999999997
30 0.00013550000000073226 0.003067399999999054
50 0.00012830000000008113 0.0016802999999985246
100 0.00039109999999986655 0.0026085000000009018
110 0.0006492999999991866 0.0033565000000006506
120 0.0009953999999989804 0.002149700000000365
140 0.0003991000000009848 0.001252599999999049
160 0.001218999999998971 0.0017210000000016379
180 0.0009131 0.002343599999999668
200 0.0032441999999992532 0.0026711000000005924
500 0.007031500000000079 0.01445960000000035
800 0.04307859999999941 0.03811179999999936
1000 0.04807049999999968 0.04262740000000065
1100 0.05846489999999882 0.05448190000000075
1200 0.07516749999999917 0.0568003000000008
1300 0.06508399999999881 0.06851550000000017
1500 0.09292480000000047 0.0866428999999993
3000 0.45477349999999994 0.6537243999999998
20 0.030632900000000518 0.00858850000000011
30 0.0001610000000002998 0.002496600000000626
50 0.00010160000000070113 0.0007049000000005634
100 0.00024279999999876622 0.003717400000001092
110 0.0015737999999991814 0.0018028999999994966
120 0.00027129999999964127 0.0014081000000008004
140 0.0003376999999993302 0.0013926000000008543
160 0.0005863999999995428 0.0019311000000001854
180 0.0012228000000007455 0.002453100000000319
200 0.0026521999999999935 0.002762999999999849
500 0.006677500000000336 0.008376300000000114
800 0.034183399999999864 0.023979900000000498
1000 0.03569919999999982 0.041691200000000705
1100 0.047807399999999944 0.0535855999999999
1200 0.06690400000000096 0.05076889999999956
1300 0.08444309999999966 0.08075450000000117
1500 0.0890657000000008 0.09055889999999955
3000 0.4395370000000014 0.5211548999999991
20 0.013604499999999575 0.006546900000000022
30 0.0001419000000009163 0.0014071999999991647
50 0.0004262999999991024 0.00463520000000095
100 0.00029849999999953525 0.0019057000000000102
110 0.0002996999999993477 0.0016967000000001065
120 0.000414900000000884 0.002123499999999723
140 0.003860000000001307 0.0035461999999988336
160 0.0006762000000009039 0.0022322999999992987
180 0.0017188000000007975 0.0034881999999996083
200 0.002110999999999308 0.0019266000000008887
500 0.009043000000000134 0.010888699999998863
800 0.02271450000000108 0.023623999999999867
1000 0.04754769999999908 0.034348299999999554
1100 0.051681600000000216 0.0426877999999995
1200 0.06556780000000018 0.05818559999999984
1300 0.23724729999999994 0.10514270000000003
1500 0.12026490000000045 0.10170009999999863
3000 0.4417744999999975 0.5515418000000025
20 0.01568070000000077 0.00689999999999813
30 0.00011759999999938486 0.001308700000002716
50 9.000000000014552e-05 0.0004598999999991804
100 0.00020650000000088653 0.0007681999999995526
110 0.0003665999999995506 0.0032105999999991752
120 0.00032330000000158066 0.00213499999999911
140 0.00037060000000010973 0.0016415999999992437
160 0.0005102999999984092 0.001558700000000357
180 0.0011094000000007043 0.0024755999999968026
200 0.0031610999999998057 0.0025845000000011
500 0.0068179999999991026 0.011838999999998379
800 0.0248084999999989 0.03161360000000002
1000 0.038753399999997384 0.043196500000000526
1100 0.047226499999997174 0.04558550000000139
1200 0.06389259999999908 0.055028200000002414
1300 0.07185869999999994 0.06524500000000089
1500 0.09603489999999937 0.10850119999999919
3000 0.40943419999999975 0.45815780000000217
