20 0.026954500000002213 0.0073857999999979995
30 0.0027849999999993713 0.00014579999999853044
50 0.004345700000001784 0.00017240000000029454
100 0.006778799999999308 0.0003072000000017283
110 0.0038254999999978168 0.00025049999999993133
120 0.004052099999999115 0.0003342000000010614
140 0.004591999999998819 0.0017443000000021414
160 0.024796999999999514 0.0003036000000022909
180 0.010337899999999678 0.0003738000000019781
200 0.005225299999999322 0.00025649999999899364
500 0.004996399999999568 0.0017075999999995872
800 0.005714499999999845 0.000968000000000302
1000 0.004154499999998507 0.0010553000000008694
1100 0.008143799999999146 0.0010961000000015986
1200 0.0027608999999984007 0.0013536000000016202
1300 0.006048199999998616 0.0023833999999993694
1500 0.01111450000000147 0.0019956999999983793
3000 0.01775299999999902 0.008050300000000732
20 0.005057400000001877 0.00033639999999834913
30 0.007036099999996992 0.00029640000000341615
50 0.0040079000000012854 0.0003260999999987746
100 0.005069600000002339 0.00039989999999789916
110 0.011296500000000265 0.0002253000000003169
120 0.013814299999999946 0.00022919999999970742
140 0.0037366999999974837 0.00036940000000029727
160 0.0033564000000012584 0.0003340999999998928
180 0.007124100000002187 0.00029299999999921056
200 0.0055352000000006285 0.00023940000000166606
500 0.004700599999999611 0.0005452000000012447
800 0.016917400000000526 0.0012700999999992746
1000 0.01543169999999705 0.001489800000001651
1100 0.006201400000001911 0.0014629999999975496
1200 0.005253199999998515 0.0015594999999990478
1300 0.00575449999999833 0.0011833000000009974
1500 0.004145799999999866 0.001685300000001888
3000 0.00910599999999917 0.0024639999999997997
20 0.0049373999999993146 0.00017139999999926658
30 0.007954099999999187 0.0002922999999981357
50 0.006799799999999578 0.00021329999999863958
100 0.005304000000002418 0.0002688000000006241
110 0.01559040000000067 0.0011673000000023137
120 0.007340200000001573 0.00022019999999756124
140 0.003975599999996859 0.000154300000001939
160 0.004510899999999651 0.0013149999999981787
180 0.005226600000000303 0.000253300000000678
200 0.004006300000000351 0.000449899999999559
500 0.012830000000001007 0.0005409000000007325
800 0.004866599999999721 0.0006637000000004889
1000 0.007701300000000799 0.0009461000000001718
1100 0.004588099999999429 0.0009543999999976904
1200 0.00552499999999867 0.0017844000000017957
1300 0.0047293999999986625 0.0020049000000028627
1500 0.006005900000001674 0.0013018999999978575
3000 0.015940199999999294 0.008400400000002861
20 0.006516799999999989 0.001331400000001537
30 0.005654700000000901 0.00013820000000208665
50 0.0034736000000030742 0.00019949999999724355
100 0.0037313999999994962 0.00020840000000177383
110 0.006760199999998662 0.0005431000000015729
120 0.003247899999998083 0.00023020000000073537
140 0.003993600000001152 0.00019359999999934985
160 0.004293100000001715 0.00039400000000000546
180 0.007633200000000784 0.00028879999999986694
200 0.003265700000000038 0.00030809999999803495
500 0.003618299999999408 0.0008530000000028792
800 0.006583799999997808 0.0008596000000018478
1000 0.005790799999999763 0.0011653000000002578
1100 0.013420500000002278 0.004038599999997672
1200 0.011703300000000638 0.001858999999999611
1300 0.0050096999999986735 0.0014983000000015068
1500 0.006052999999997866 0.001745800000001907
3000 0.013867000000001184 0.0029308999999990704
20 0.004833500000000157 0.00023369999999900415
30 0.006468900000001554 0.00020959999999803358
50 0.003565299999998217 0.0002288000000021384
100 0.004421900000000534 0.00022930000000087603
110 0.00651250000000303 0.0002844999999993547
120 0.004903699999999844 0.0002230000000018606
140 0.0067318999999983475 0.0002902999999996325
160 0.015497699999997394 0.00029239999999930433
180 0.01556070000000176 0.0002651000000000181
200 0.007453899999998015 0.00041310000000294167
500 0.004104999999999137 0.0008994999999991649
800 0.008672300000000632 0.0010881000000004803
1000 0.0064288000000019 0.0011829999999974916
1100 0.0070189000000020485 0.0017706000000003996
1200 0.005959900000000573 0.001671899999998061
1300 0.00880910000000057 0.0012259000000014453
1500 0.00775859999999895 0.001969000000002552
3000 0.021296599999999444 0.004628499999999036
20 0.005389799999999667 0.00018950000000117484
30 0.0074958999999985565 0.0001619999999995514
50 0.002868500000001717 0.00021679999999690835
100 0.003968600000000322 0.0002211999999985892
110 0.01382939999999877 0.0007112000000013552
120 0.0061228999999976 0.0009003999999990242
140 0.005515100000000217 0.00016520000000141977
160 0.003991400000000311 0.0003983000000005177
180 0.005417000000001337 0.00019529999999789993
200 0.006756200000001655 0.00027749999999926445
500 0.005143499999999079 0.00047019999999875495
800 0.012624500000001149 0.0031391999999996756
1000 0.013477899999998044 0.002561899999999895
1100 0.011922400000003108 0.0017550999999969008
1200 0.005714799999999798 0.001402999999999821
1300 0.008505499999998278 0.0022772999999993715
1500 0.012587400000001026 0.001999099999999032
3000 0.008774000000002502 0.005229799999998619
20 0.005077499999998736 0.00026060000000072137
30 0.005239400000000671 0.00017669999999725405
50 0.015046500000000407 0.0011817000000000633
100 0.01013900000000234 0.00021329999999863958
110 0.011397900000002181 0.0002496999999976879
120 0.005137900000001139 0.00015039999999899578
140 0.005894099999999014 0.0002997000000029004
160 0.011241800000000524 0.00023329999999788242
180 0.005144699999998892 0.00023990000000040368
200 0.005423600000000306 0.00018820000000019377
500 0.004098199999997831 0.00043570000000059395
800 0.02362759999999753 0.0012463000000018098
1000 0.014657500000001988 0.003291099999998437
1100 0.013517500000002514 0.002130799999999766
1200 0.01256479999999982 0.0012083999999994433
1300 0.006078300000002201 0.0012997999999981857
1500 0.0064518999999982896 0.0027089999999994063
3000 0.007988400000002116 0.0032287000000010835
20 0.009088700000003058 0.00030059999999920706
30 0.005566300000001689 0.00012569999999811898
50 0.013859300000000019 0.00017760000000066611
100 0.010865200000001352 0.00026450000000011187
110 0.004186100000001858 0.00035789999999735755
120 0.005986999999997522 0.0008301000000017211
140 0.012696200000000601 0.00023729999999844154
160 0.0072786000000029105 0.00036529999999856955
180 0.005911900000000969 0.001052099999999001
200 0.005753800000000808 0.0004351000000006877
500 0.005315400000000636 0.0005494999999982042
800 0.005093300000002188 0.0009580999999982964
1000 0.009396200000001187 0.002273499999997597
1100 0.005925600000001197 0.003548000000002105
1200 0.01630959999999959 0.0018698999999990917
1300 0.005536899999999179 0.00238780000000105
1500 0.019372699999998133 0.004710900000002738
3000 0.007397799999999677 0.002842499999999859
20 0.006599700000002429 0.00019889999999733732
30 0.004197500000000076 0.00019540000000262125
50 0.006052200000002728 0.00020679999999728693
100 0.007655399999997314 0.0005091999999997654
110 0.004699500000000967 0.0002211999999985892
120 0.0036006000000021743 0.00017459999999758224
140 0.014204400000000561 0.00047209999999964225
160 0.007891600000000665 0.0002749999999984709
180 0.002517299999997391 0.00016719999999992297
200 0.0032841999999995153 0.00018569999999940023
500 0.004597300000000359 0.0006496000000026925
800 0.015123299999999062 0.001206799999998509
1000 0.00707530000000034 0.0010870999999994524
1100 0.0061904999999988775 0.0013402000000013459
1200 0.007200799999999674 0.0013913000000016496
1300 0.0042048000000001196 0.0015426999999981206
1500 0.00790800000000047 0.00210519999999903
3000 0.0038093000000003485 0.0037167000000017936
20 0.013725900000000735 0.0003925999999978558
30 0.008903499999998843 0.0002309999999994261
50 0.004391699999999332 0.00018809999999902516
100 0.015831099999999765 0.0002138000000009299
110 0.004753899999997202 0.0001427000000013834
120 0.005048199999997394 0.00030040000000042255
140 0.00462479999999843 0.0001485000000016612
160 0.0037151999999984753 0.0006939000000016904
180 0.002186600000001704 0.0001561999999992736
200 0.006837300000000823 0.0005273000000016737
500 0.006186599999999487 0.0005679000000000656
800 0.007972299999998711 0.0015375000000013017
1000 0.00413170000000207 0.0010441999999990514
1100 0.0056480000000007635 0.0033780999999990513
1200 0.01755290000000187 0.0013711999999976854
1300 0.0047202000000012845 0.0020337999999995304
1500 0.007422799999996954 0.002962400000001253
3000 0.009841800000000234 0.0034945999999997923
