20 0.00525500000000001 0.00036839999999999096
30 0.003741300000000003 0.0002002999999999866
50 0.0032906000000000324 0.00022559999999999247
100 0.003767599999999982 0.0002728000000000175
110 0.0035174999999999512 0.0002498000000000222
120 0.004364499999999993 0.0002962999999999716
140 0.0050975000000000326 0.0003933999999999882
160 0.004840699999999976 0.0002554000000000167
180 0.0035755000000000092 0.0003441999999999612
200 0.003855799999999965 0.0004107000000000416
500 0.005127199999999998 0.0005882000000000387
800 0.004266699999999957 0.0010090000000000376
1000 0.004280000000000006 0.0009749000000000008
1100 0.0067142000000000035 0.001320600000000005
1200 0.006121799999999955 0.001320600000000005
1300 0.006474300000000044 0.001187500000000008
1500 0.005392000000000063 0.0014920999999999962
3000 0.0057698999999999945 0.0022398999999999614
20 0.0038592000000000626 0.0002082999999999391
30 0.0035041999999999573 0.00016280000000001849
50 0.003923400000000021 0.00028719999999993195
100 0.004472999999999949 0.00018600000000001948
110 0.002229099999999984 0.00021130000000002536
120 0.003293400000000002 0.0004657000000000133
140 0.004225900000000005 0.00032719999999997196
160 0.004156300000000002 0.0005952000000000179
180 0.00380949999999991 0.00016990000000005612
200 0.004030999999999896 0.00021100000000007224
500 0.003966000000000025 0.0006957999999999132
800 0.0046959999999999225 0.0006447000000000536
1000 0.0035570999999999797 0.0010783999999999239
1100 0.0041584000000000065 0.0009844999999999438
1200 0.005938499999999958 0.0014549000000000367
1300 0.005855799999999967 0.0009454000000000962
1500 0.004103799999999991 0.0012812000000000934
3000 0.004865099999999956 0.002761699999999978
20 0.0037004999999999955 0.0002326999999999746
30 0.003710199999999997 0.00017330000000004286
50 0.0036642999999999537 0.00012999999999996348
100 0.0028164999999999996 0.00039810000000006784
110 0.0034154000000000684 0.00038769999999999083
120 0.0034623000000000292 0.00022210000000000285
140 0.0034615000000000062 0.0003026999999999891
160 0.004136200000000034 0.00024489999999999235
180 0.0034180999999999795 0.00024100000000004673
200 0.003323599999999982 0.0003370000000000317
500 0.004117099999999985 0.0008761000000000463
800 0.004469900000000027 0.0008112999999999593
1000 0.004453800000000063 0.0009166999999999925
1100 0.004113799999999945 0.0009382000000000001
1200 0.004623299999999997 0.0014710999999999474
1300 0.004047800000000046 0.0012486999999999915
1500 0.005056900000000031 0.0018761999999999945
3000 0.0050440000000000484 0.00237709999999991
20 0.0033234999999999237 0.0002876000000000545
30 0.003573700000000013 0.00012769999999995285
50 0.004027000000000003 0.0002525999999999362
100 0.005017700000000014 0.0002627000000000601
110 0.004222500000000018 0.0002521999999999247
120 0.004130999999999996 0.0003294000000000352
140 0.0032957000000000125 0.0002707000000000681
160 0.00313960000000002 0.0001647000000000176
180 0.003984600000000005 0.00022959999999994096
200 0.0035007999999999706 0.00037439999999999696
500 0.003528099999999923 0.0006667000000000201
800 0.003569399999999945 0.000944300000000009
1000 0.0038266000000000133 0.0010145000000000293
1100 0.004779599999999995 0.001009600000000055
1200 0.003850799999999932 0.001896300000000073
1300 0.004136299999999982 0.0011732000000000964
1500 0.004689800000000077 0.0011681999999999526
3000 0.005645200000000017 0.0024644999999999806
20 0.003791899999999959 0.0003035000000000121
30 0.004069400000000001 0.0001731000000000371
50 0.003290499999999974 0.0001246999999999776
100 0.00378069999999997 0.0002299000000000051
110 0.003082499999999988 0.000148000000000037
120 0.00426979999999999 0.00019320000000000448
140 0.002883300000000033 0.0001982999999999846
160 0.00369609999999998 0.0002626999999999491
180 0.00363290000000005 0.00019210000000002836
200 0.0038882000000000083 0.0006363999999999814
500 0.0035800000000000276 0.0009002000000000177
800 0.003459299999999943 0.0007075000000000831
1000 0.004326199999999947 0.0008676000000000794
1100 0.004527300000000012 0.001078699999999988
1200 0.003959000000000046 0.00134219999999996
1300 0.004664899999999972 0.0013941000000000647
1500 0.005238899999999935 0.0013226000000000626
3000 0.00464130000000007 0.0025775999999999577
20 0.004055299999999984 0.0005342999999999876
30 0.002678700000000034 0.00016850000000001586
50 0.0031716999999999995 0.0003966000000000802
100 0.0031378999999999158 0.00027090000000007386
110 0.0035044999999999105 0.0005053000000000418
120 0.003859600000000074 0.00023929999999994234
140 0.002882700000000016 0.0004057999999999007
160 0.0034878999999999882 0.0002143000000000006
180 0.0034446999999999672 0.0003798000000000412
200 0.0033586999999999367 0.00022410000000006036
500 0.003221199999999924 0.0008396999999999988
800 0.0038791999999999716 0.000962699999999983
1000 0.004425400000000024 0.0009240999999999833
1100 0.004877700000000096 0.001259499999999969
1200 0.004085400000000017 0.001675800000000005
1300 0.0045143999999999185 0.0015639000000000625
1500 0.00415869999999996 0.001306699999999994
3000 0.004615900000000006 0.0032466999999999357
20 0.004367400000000021 0.00026820000000005173
30 0.0025755999999999 0.00016300000000002424
50 0.002704299999999993 0.0002767000000000186
100 0.0033751999999999116 0.00015790000000004412
110 0.0033205000000000595 0.00015579999999992822
120 0.0037512000000000656 0.0002537999999999707
140 0.00256539999999994 0.00019320000000000448
160 0.0035673999999999984 0.00022409999999994934
180 0.002917100000000006 0.00034880000000003797
200 0.0029410999999999188 0.00018770000000001286
500 0.00406149999999994 0.0005173000000000538
800 0.0048808000000001295 0.0007139999999998814
1000 0.004631400000000063 0.0009962000000001137
1100 0.003900900000000096 0.0008771999999999114
1200 0.004107000000000083 0.0009570000000000967
1300 0.003639599999999854 0.001487500000000086
1500 0.0034440000000000026 0.0019312000000000218
3000 0.0054075000000000095 0.002239799999999903
20 0.00411740000000016 0.00034359999999988844
30 0.003487599999999924 0.00025760000000008
50 0.0032650000000000734 0.0001326999999999856
100 0.003354000000000079 0.00022729999999993034
110 0.0034586000000000894 0.00021889999999991083
120 0.002856300000000145 0.0002157999999998772
140 0.004526899999999889 0.0002661000000001579
160 0.0028667 0.00021329999999997185
180 0.0033982999999999652 0.00024519999999994546
200 0.002937999999999885 0.000248000000000026
500 0.003338500000000133 0.0007193999999999257
800 0.004396100000000125 0.0007876999999998358
1000 0.0033384000000000746 0.0011580999999998287
1100 0.003230999999999984 0.0011073999999999806
1200 0.004939899999999886 0.001449400000000045
1300 0.004660500000000178 0.0017209999999998615
1500 0.0031858000000000164 0.000983500000000026
3000 0.005268799999999851 0.0023480000000000167
20 0.00267100000000009 0.00018249999999997435
30 0.0028626999999998848 0.0001862999999999726
50 0.0030701000000001866 0.00035029999999980355
100 0.0032045000000000545 0.0003355000000000441
110 0.002965700000000071 0.00021409999999999485
120 0.0029359999999998276 0.00019420000000014426
140 0.0026316000000001782 0.0001697999999998867
160 0.003417699999999968 0.000256000000000034
180 0.00398950000000009 0.00031660000000011124
200 0.002627500000000005 0.00021300000000001873
500 0.0029742999999999853 0.00045730000000010484
800 0.004125199999999829 0.002466500000000149
1000 0.0054019000000000705 0.001061100000000037
1100 0.0032546999999998327 0.0007817000000001073
1200 0.004964100000000027 0.0014582999999999124
1300 0.0040578 0.0014686999999999895
1500 0.00439159999999994 0.0016879000000000755
3000 0.004662199999999839 0.0023626000000001035
20 0.003209999999999935 0.00016370000000009988
30 0.0027269000000000876 0.00012419999999990772
50 0.004271899999999995 0.00021690000000007537
100 0.0044024000000000285 0.0002883000000000191
110 0.0041895999999999045 0.0002191000000000276
120 0.0034754000000001284 0.00015109999999984858
140 0.0035442000000001084 0.0002866999999999731
160 0.003144599999999942 0.00026410000000010037
180 0.0035555000000000447 0.0003450000000000397
200 0.004548999999999914 0.00036849999999999383
500 0.0035505999999998483 0.0008054000000001782
800 0.003965699999999961 0.0009588000000000374
1000 0.003954099999999849 0.001054400000000122
1100 0.003997199999999923 0.0011593000000000853
1200 0.0037812999999999874 0.0012220999999998927
1300 0.004408699999999932 0.0008996999999999478
1500 0.0033081999999999834 0.001274699999999962
3000 0.0034810000000000674 0.001867000000000063
