20 0.00012080000000003199 0.0007280999999998983
30 6.60000000000105e-05 0.0014855999999999758
50 0.00013289999999999136 0.005045599999999983
100 0.00028410000000000935 0.004787100000000044
110 0.00016979999999999773 0.003052100000000002
120 0.0003131000000000661 0.0030689999999999884
140 0.00024919999999994946 0.003493700000000044
160 0.0003547000000000411 0.006951199999999935
180 0.0006068999999999658 0.006183600000000067
200 0.0007793999999999857 0.018053600000000003
500 0.010504299999999911 0.019851400000000075
800 0.01688820000000002 0.03502890000000003
1000 0.03612800000000005 0.05229870000000003
1100 0.02741400000000005 0.15325099999999992
1200 0.030513899999999983 0.11566350000000003
1300 0.04411609999999988 0.3662265
1500 0.053915600000000063 0.1358786999999999
3000 0.2241626000000001 0.8203986000000001
20 0.0042709000000002995 0.004452199999999795
30 0.0001229999999998732 0.006946199999999791
50 0.00011610000000006337 0.0025948000000002303
100 0.00023540000000021877 0.0027538999999996427
110 0.00023270000000019664 0.0036705999999999683
120 0.00021939999999975868 0.010278599999999916
140 0.000302400000000258 0.0037458999999997467
160 0.0005025999999999087 0.0172848000000001
180 0.0010438000000001502 0.011472599999999833
200 0.0007766000000000162 0.004212199999999999
500 0.007742400000000149 0.032216299999999976
800 0.01743180000000022 0.07583010000000012
1000 0.0261022999999998 0.16846760000000005
1100 0.030302000000000273 0.1176412
1200 0.040315300000000054 0.0919696000000001
1300 0.042937500000000295 0.10957820000000007
1500 0.06293909999999991 0.1371313999999999
3000 0.2534348999999998 0.9488209999999997
20 0.0037592000000001846 0.0046536000000001465
30 0.0001066999999999041 0.00509999999999966
50 0.00011999999999989797 0.0024854999999996963
100 0.00027229999999978105 0.0032924999999996984
110 0.0002706000000003428 0.011069799999999574
120 0.00023160000000022052 0.004089499999999191
140 0.00031449999999999534 0.004332699999999967
160 0.0003761000000004344 0.010407299999999786
180 0.00046239999999997394 0.004597200000000079
200 0.0007513999999995136 0.010395700000000119
500 0.005208699999999844 0.03268710000000041
800 0.017005799999999738 0.04976719999999979
1000 0.03955650000000066 0.043377999999999695
1100 0.04055559999999936 0.07687180000000016
1200 0.04974319999999999 0.08928280000000033
1300 0.04521670000000011 0.11450730000000053
1500 0.0647309000000007 0.1508616999999992
3000 0.24402990000000013 0.7353103999999995
20 0.0033823999999995635 0.004077900000000412
30 9.009999999953777e-05 0.0004964999999996778
50 7.599999999996498e-05 0.0017839999999997858
100 0.0003289999999998017 0.0016375000000001805
110 0.00015400000000020952 0.0020319999999998117
120 0.00017880000000047858 0.004764400000000002
140 0.0002741999999997802 0.0030961999999998824
160 0.00031400000000036954 0.0036559000000000452
180 0.001025900000000135 0.004475600000000135
200 0.0005601999999997886 0.006619200000000269
500 0.004745599999999683 0.024804399999999838
800 0.017096800000000023 0.03244910000000001
1000 0.035023999999999944 0.12698389999999993
1100 0.05379449999999952 0.07369430000000055
1200 0.05049939999999964 0.08890900000000013
1300 0.04089049999999972 0.09265140000000027
1500 0.057473100000000166 0.1772570999999994
3000 0.27326160000000055 0.8345458999999984
20 0.004055600000000936 0.0038708999999990112
30 0.00010840000000023053 0.0004543999999988557
50 7.680000000043208e-05 0.0007827000000002471
100 0.00021860000000017976 0.0021978999999987536
110 0.0002420000000000755 0.003229700000000335
120 0.0001934999999999576 0.002847299999999109
140 0.0002872000000007091 0.005244499999999874
160 0.0003580999999996948 0.004955600000000615
180 0.00045869999999936795 0.004609400000001429
200 0.000626699999999758 0.005414099999999422
500 0.005219000000000307 0.012251199999999685
800 0.01416739999999983 0.0245949999999997
1000 0.020566199999999313 0.03805490000000056
1100 0.02334809999999976 0.052392599999999234
1200 0.04358399999999918 0.06020370000000064
1300 0.03496290000000002 0.07215240000000023
1500 0.04342010000000052 0.09893779999999985
3000 0.20233429999999863 0.9712598000000003
20 0.004065999999999903 0.00546090000000099
30 0.00011139999999976169 0.00526479999999907
50 0.00022700000000064335 0.0015745000000002563
100 0.00024270000000115033 0.007232199999998912
110 0.00024280000000054258 0.00629029999999986
120 0.0005964000000009406 0.004428299999998941
140 0.00028979999999911854 0.0042352000000001055
160 0.00038360000000103867 0.00451049999999853
180 0.0004983999999996769 0.005810200000000876
200 0.0005098999999990639 0.0050568000000001945
500 0.005168799999999862 0.03445149999999941
800 0.018712599999998858 0.03663640000000079
1000 0.02609950000000083 0.06687930000000009
1100 0.03231930000000105 0.12746299999999877
1200 0.04035509999999931 0.14872130000000006
1300 0.04282520000000112 0.09066669999999988
1500 0.0601345000000002 0.12788730000000115
3000 0.24817930000000032 0.8503284000000004
20 0.0035688000000000386 0.003983599999999754
30 0.00015409999999960178 0.0012590000000010093
50 0.00014329999999951326 0.0012527000000002175
100 0.00020470000000116784 0.002839800000000281
110 0.00023060000000008074 0.0032864000000003557
120 0.000989600000000479 0.003884900000000968
140 0.00025300000000072487 0.007111199999998874
160 0.0003510999999996045 0.0035962999999998857
180 0.0005980999999994907 0.014299299999999349
200 0.005753000000000341 0.005892799999999809
500 0.004809799999998532 0.016802100000001374
800 0.0179500000000008 0.02739569999999958
1000 0.02364099999999958 0.060044400000000664
1100 0.025524900000000628 0.0687382999999997
1200 0.05194020000000066 0.08853929999999899
1300 0.036032600000000414 0.09472820000000048
1500 0.06881219999999999 0.13652890000000006
3000 0.22758780000000023 0.6614457999999992
20 0.0035079000000006744 0.00401620000000058
30 0.00010840000000023053 0.000520299999999807
50 8.569999999963329e-05 0.0013351000000003665
100 0.00022180000000027178 0.002625399999999445
110 0.0002475000000004002 0.0031127000000008564
120 0.00026779999999959614 0.002738499999999533
140 0.00029379999999967765 0.003851000000000937
160 0.00045040000000007296 0.0033393999999997703
180 0.0008262000000005543 0.00607480000000038
200 0.0015738000000009578 0.004979199999999295
500 0.004797200000000501 0.02817379999999936
800 0.016051100000000318 0.03472780000000064
1000 0.026426700000000025 0.057512900000000755
1100 0.028282400000000152 0.06237069999999889
1200 0.030407900000000154 0.0734691999999999
1300 0.03825900000000004 0.08985689999999913
1500 0.046223799999999926 0.13417429999999975
3000 0.22206120000000062 0.6451446999999995
20 0.003670200000000179 0.003742799999999491
30 0.0001010999999984108 0.0015914000000005757
50 8.00000000005241e-05 0.0015178999999996279
100 0.00015119999999946288 0.0027431999999993906
110 0.00011029999999934148 0.002955200000000602
120 0.00017759999999888976 0.0035245000000010407
140 0.00016429999999978406 0.002980400000000216
160 0.0005882999999986538 0.0035260000000008063
180 0.0008063000000007037 0.003496399999999511
200 0.0012419999999995213 0.006840200000000962
500 0.004959500000000006 0.01943930000000016
800 0.020245900000000816 0.03766019999999948
1000 0.020078299999997995 0.0607545000000016
1100 0.023787399999999792 0.0724304999999994
1200 0.032757900000000006 0.08137849999999958
1300 0.04283049999999733 0.09546590000000066
1500 0.05733449999999962 0.11954019999999943
3000 0.22631720000000044 0.6506816999999998
20 0.00386620000000093 0.003856700000000046
30 9.88000000035072e-05 0.0005700999999973533
50 4.360000000147579e-05 0.0012579999999999814
100 9.560000000163882e-05 0.0031791999999981613
110 0.00018969999999995935 0.004873200000002242
120 0.0002862999999990734 0.002797199999999833
140 0.00017199999999917281 0.0031216000000000577
160 0.0004651999999971679 0.003282200000001012
180 0.0008593999999995106 0.0058544000000004814
200 0.0019156000000002393 0.004854099999999306
500 0.005390800000000695 0.025530200000002168
800 0.01704679999999925 0.0321384000000009
1000 0.025169200000000558 0.055644399999998484
1100 0.029380800000001983 0.06390899999999888
1200 0.029554199999999753 0.07628049999999931
1300 0.036445799999999196 0.08928700000000234
1500 0.04681749999999951 0.11673680000000175
3000 0.21687459999999703 0.6570972000000026
