20 0.008474100000000817 2400
30 0.0011706999999958612 5400
50 0.0012662999999975 15000
100 0.00957800000000475 60000
110 0.009092600000002449 72600
120 0.003004300000000626 86400
140 0.002907700000001512 117600
160 0.015468800000000726 153600
180 0.01835240000000482 194400
200 0.01575780000000293 240000
500 0.01698509999999942 1500000
800 0.0982304000000056 3840000
1000 0.06735429999999809 6000000
1100 0.08268689999999879 7260000
1200 0.09273129999999696 8640000
1300 0.11571059999999989 10140000
1500 0.19229409999999802 13500000
2000 0.3309100000000029 24000000
3000 1.0975073000000037 54000000
4000 2.452241700000002 96000000
