20 0.008517200000000003 3200
30 0.010568200000008687 7200
50 0.0016732999999931053 20000
100 0.01255190000000539 80000
110 0.008198399999997719 96800
120 0.004576200000002473 115200
140 0.0035100999999997384 156800
160 0.007921199999998407 204800
180 0.028345500000000357 259200
200 0.004455399999997667 320000
500 0.026499400000005835 2000000
800 0.03396870000000263 5120000
1000 0.07927300000000059 8000000
1100 0.07709570000000099 9680000
1200 0.10963820000000624 11520000
1300 0.2181302000000045 13520000
1500 0.2534950000000009 18000000
2000 0.38995009999999297 32000000
3000 1.150102700000005 72000000
4000 2.662410499999993 128000000
