20 0.026572799999996732 6400
30 0.0006194000000050437 14400
50 0.0005744000000049709 40000
100 0.028098499999998694 160000
110 0.008235800000022664 193600
120 0.004679800000019441 230400
140 0.003119699999956538 313600
160 0.0021869999999921674 409600
180 0.010994499999981144 518400
200 0.004801199999974415 640000
500 0.023544099999980972 4000000
800 0.06437479999999596 10240000
1000 0.17870449999998073 16000000
1100 0.24979610000002594 19360000
1200 0.22264109999997572 23040000
1300 1.1514480000000162 27040000
1500 0.40466170000001966 36000000
2000 1.167305200000044 64000000
3000 2.071268900000007 144000000
4000 5.337248400000021 256000000
