20 0.00901240000000314 3200
30 0.002919599999998468 7200
50 0.005760700000010388 20000
100 0.04486470000000509 80000
110 0.0080568999999997 96800
120 0.011272199999993404 115200
140 0.015255899999999656 156800
160 0.007553899999990676 204800
180 0.012743799999995531 259200
200 0.02147390000000371 320000
500 0.061715000000006626 2000000
800 0.048490900000004444 5120000
1000 0.08465900000000204 8000000
1100 0.09792659999999387 9680000
1200 0.1795893000000035 11520000
1300 0.14162439999999776 13520000
1500 0.1599401999999941 18000000
2000 0.6412205999999969 32000000
3000 1.0925148999999976 72000000
4000 2.585359100000005 128000000
