20 0.00936699999999746 2400
30 0.009622200000002579 5400
50 0.00501589999999652 15000
100 0.003620099999999127 60000
110 0.0023121999999986542 72600
120 0.00398280000000284 86400
140 0.014612499999998363 117600
160 0.005628600000001427 153600
180 0.002925500000003467 194400
200 0.003765999999998826 240000
500 0.03575330000000321 1500000
800 0.06089529999999854 3840000
1000 0.09819990000000445 6000000
1100 0.09459859999999765 7260000
1200 0.10737699999999961 8640000
1300 0.18072700000000452 10140000
1500 0.19402379999999653 13500000
2000 0.4157936999999947 24000000
3000 1.0544049999999956 54000000
4000 2.8903233999999998 96000000
