20 0.02073229999996329 6400
30 0.0007838000000219836 14400
50 0.00099169999998594 40000
100 0.0015142999999966378 160000
110 0.002054199999975026 193600
120 0.009037900000009813 230400
140 0.007748200000037286 313600
160 0.0028156999999850996 409600
180 0.002924999999947886 518400
200 0.0030759999999645515 640000
500 0.030374599999959173 4000000
800 0.059708499999999276 10240000
1000 0.26291570000000775 16000000
1100 0.13721959999998035 19360000
1200 0.2925000000000182 23040000
1300 0.7006877999999688 27040000
1500 0.47061930000000984 36000000
2000 1.3724101999999903 64000000
3000 3.811097399999994 144000000
4000 7.3931349999999725 256000000
