20 0.00937009999999816 3200
30 0.3908784000000054 7200
50 0.002426499999998555 20000
100 0.0368248000000051 80000
110 0.024282099999993534 96800
120 0.04003439999999614 115200
140 0.004553099999995425 156800
160 0.004876400000000558 204800
180 0.006194399999998268 259200
200 0.007633900000001859 320000
500 0.033730199999993715 2000000
800 0.04142830000000686 5120000
1000 0.0597038000000083 8000000
1100 0.10661290000000179 9680000
1200 0.30421219999999494 11520000
1300 0.13266279999999142 13520000
1500 0.19667570000000012 18000000
2000 0.3482940000000099 32000000
3000 1.5192415000000068 72000000
4000 2.9531213000000065 128000000
