20 0.009823900000000663 3200
30 0.002457900000010227 7200
50 0.21678649999999777 20000
100 0.3057549999999907 80000
110 0.004409300000006056 96800
120 0.043782600000000116 115200
140 0.00488860000000102 156800
160 0.00700530000000299 204800
180 0.04538180000000125 259200
200 0.006677200000012817 320000
500 0.015750300000007655 2000000
800 0.03407049999999856 5120000
1000 0.11181469999999649 8000000
1100 0.07252069999999833 9680000
1200 0.1613787000000002 11520000
1300 0.12393819999999778 13520000
1500 0.1778462999999988 18000000
2000 0.4293124000000006 32000000
3000 1.307419699999997 72000000
4000 2.895377400000001 128000000
