20 0.018503600000002507 6400
30 0.00040760000001682783 14400
50 0.002490800000003901 40000
100 0.0023941000000036183 160000
110 0.0027040999999883297 193600
120 0.0019149000000027172 230400
140 0.0019876000000067506 313600
160 0.002551399999987325 409600
180 0.002877900000015643 518400
200 0.007230900000024576 640000
500 0.021936600000003637 4000000
800 0.05336009999999192 10240000
1000 0.14263400000001525 16000000
1100 0.182583099999988 19360000
1200 0.20879880000001094 23040000
1300 0.21984510000001478 27040000
1500 0.7426109000000167 36000000
2000 0.6903227999999899 64000000
3000 2.920835199999999 144000000
4000 4.914532500000007 256000000
