20 0.008980799999999789 2400
30 0.008178900000000766 5400
50 0.0011305000000003673 15000
100 0.0016474999999989137 60000
110 0.006740000000000634 72600
120 0.004869999999998598 86400
140 0.004404199999999747 117600
160 0.002346199999999854 153600
180 0.009834499999998414 194400
200 0.007789999999999964 240000
500 0.020966100000000765 1500000
800 0.04458690000000054 3840000
1000 0.09867289999999862 6000000
1100 0.12309340000000013 7260000
1200 0.09731999999999985 8640000
1300 0.12761929999999921 10140000
1500 0.17969620000000042 13500000
2000 0.4238812000000003 24000000
3000 1.1368544000000007 54000000
4000 3.7242131999999977 96000000
