20 0.04191779999999312 6400
30 0.000751799999989089 14400
50 0.0012756000000138101 40000
100 0.0019061999999792079 160000
110 0.004408799999993107 193600
120 0.002060900000003585 230400
140 0.0020239000000117358 313600
160 0.0022607999999877393 409600
180 0.0070344999999747415 518400
200 0.00537739999998621 640000
500 0.018825899999995954 4000000
800 0.052265799999986484 10240000
1000 0.10631159999999795 16000000
1100 0.10930170000000317 19360000
1200 0.31750290000002224 23040000
1300 0.20602880000001278 27040000
1500 0.6684616999999946 36000000
2000 0.7907852000000162 64000000
3000 2.7376546000000133 144000000
4000 5.470207899999991 256000000
