20 0.01107359999999602 3200
30 0.010891900000004284 7200
50 0.024543199999996546 20000
100 0.0047020999999958235 80000
110 0.007188199999994538 96800
120 0.010620499999994593 115200
140 0.01305709999999749 156800
160 0.0054524000000029105 204800
180 0.013320300000003726 259200
200 0.018310100000000773 320000
500 0.04909510000000239 2000000
800 0.06196229999999758 5120000
1000 0.07373459999999454 8000000
1100 0.09093809999999536 9680000
1200 0.13061829999999475 11520000
1300 0.1208565999999962 13520000
1500 0.15669859999999858 18000000
2000 0.5400918999999931 32000000
3000 1.112178500000013 72000000
4000 2.600832699999998 128000000
