20 0.018183100000015884 6400
30 0.0003266000000223812 14400
50 0.0004677000000015141 40000
100 0.0017196999999953277 160000
110 0.0016587000000072294 193600
120 0.0035951000000125077 230400
140 0.0020419000000231335 313600
160 0.002310899999997673 409600
180 0.010707899999999881 518400
200 0.0040819999999825995 640000
500 0.019617600000003677 4000000
800 0.047664499999996224 10240000
1000 0.12515200000001414 16000000
1100 0.10899139999997942 19360000
1200 0.1739182000000028 23040000
1300 0.17688079999999218 27040000
1500 0.4394618000000037 36000000
2000 0.6983115000000453 64000000
3000 2.1804769000000306 144000000
4000 5.117321699999991 256000000
