20 0.008988500000000954 3200
30 0.008525500000004627 7200
50 0.0199436999999989 20000
100 0.010605500000011148 80000
110 0.011944299999996133 96800
120 0.012313100000000077 115200
140 0.013255299999997305 156800
160 0.005534699999998338 204800
180 0.024156099999999014 259200
200 0.007981000000000904 320000
500 0.04132380000000069 2000000
800 0.10091020000000128 5120000
1000 0.06704949999999599 8000000
1100 0.09522669999999778 9680000
1200 0.13574729999999136 11520000
1300 0.14247699999999952 13520000
1500 0.37734009999999785 18000000
2000 0.3825372000000016 32000000
3000 1.186232000000004 72000000
4000 2.737510499999999 128000000
