20 0.01965869999997949 6400
30 0.007551400000011199 14400
50 0.0009827999999743042 40000
100 0.012573799999984203 160000
110 0.04883590000002869 193600
120 0.006898299999988922 230400
140 0.019059200000015153 313600
160 0.002589099999966038 409600
180 0.022931599999992613 518400
200 0.006203299999981482 640000
500 0.034594499999968775 4000000
800 0.054679700000008324 10240000
1000 0.09478450000000294 16000000
1100 0.10868650000003299 19360000
1200 0.3288964999999848 23040000
1300 0.5670916999999918 27040000
1500 0.3150258000000008 36000000
2000 0.6478549000000271 64000000
3000 2.7947781000000305 144000000
4000 6.184768100000042 256000000
