20 0.010719500000000437 2400
30 0.0029749999999992838 5400
50 0.001346299999998024 15000
100 0.01932299999999998 60000
110 0.005947199999997821 72600
120 0.007085899999999867 86400
140 0.00595649999999992 117600
160 0.005328499999997405 153600
180 0.013291299999998785 194400
200 0.008228799999997705 240000
500 0.022448700000001764 1500000
800 0.06451230000000052 3840000
1000 0.0768601000000011 6000000
1100 0.11379420000000096 7260000
1200 0.13916070000000147 8640000
1300 0.20166240000000002 10140000
1500 0.19236000000000075 13500000
2000 0.4271798999999987 24000000
3000 1.154638000000002 54000000
4000 2.4813848999999983 96000000
