20 0.008453000000000266 2400
30 0.005343199999999548 5400
50 0.0012588000000004484 15000
100 0.0038565000000003735 60000
110 0.008820199999999723 72600
120 0.004204299999999606 86400
140 0.002702799999999783 117600
160 0.004668199999999345 153600
180 0.0026841999999991373 194400
200 0.004361099999999674 240000
500 0.016252800000000178 1500000
800 0.03622699999999934 3840000
1000 0.13473879999999916 6000000
1100 0.10542869999999915 7260000
1200 0.09505569999999963 8640000
1300 0.10580320000000043 10140000
1500 0.2139521999999996 13500000
2000 0.49317619999999884 24000000
3000 1.2489391000000012 54000000
4000 2.7794724000000013 96000000
