20 0.0404213999999854 6400
30 0.004658100000000331 14400
50 0.0005878000000052452 40000
100 0.0015218000000061238 160000
110 0.0015529000000071846 193600
120 0.0016856999999959044 230400
140 0.008429300000017292 313600
160 0.0022168000000135635 409600
180 0.00827359999999544 518400
200 0.022231499999975313 640000
500 0.017744399999997995 4000000
800 0.05714009999999803 10240000
1000 0.15990829999998368 16000000
1100 0.12517679999999132 19360000
1200 0.27532469999999876 23040000
1300 0.2606943999999771 27040000
1500 0.2958312999999748 36000000
2000 0.8384195000000148 64000000
3000 2.765872399999978 144000000
4000 6.569053400000001 256000000
