20 0.019084299999999388 6400
30 0.0003455000000016639 14400
50 0.0004333999999985849 40000
100 0.0008614000000015665 160000
110 0.0019786000000010517 193600
120 0.001350600000002089 230400
140 0.001843799999999618 313600
160 0.0047141999999986695 409600
180 0.002368399999998161 518400
200 0.004627499999998008 640000
500 0.017591700000000543 4000000
800 0.0644701000000012 10240000
1000 0.09889129999999824 16000000
1100 0.11471960000000081 19360000
1200 0.14653949999999938 23040000
1300 0.1884736999999994 27040000
1500 0.2851789999999994 36000000
2000 0.6622626000000018 64000000
3000 1.9808282000000013 144000000
4000 4.2096494000000035 256000000
