20 0.006273600000000101 3200
30 0.0006121000000014476 7200
50 0.006373200000002299 20000
100 0.0008015000000014538 80000
110 0.0008476000000001704 96800
120 0.0009128999999994392 115200
140 0.0018764999999980603 156800
160 0.030276000000000636 204800
180 0.012126999999999555 259200
200 0.002610499999999405 320000
500 0.04439089999999979 2000000
800 0.056688699999998704 5120000
1000 0.1296016999999985 8000000
1100 0.15272670000000232 9680000
1200 0.18372819999999734 11520000
1300 0.2030019999999979 13520000
1500 0.40192869999999914 18000000
2000 0.6251544000000031 32000000
3000 2.0895519000000036 72000000
4000 3.847015599999999 128000000
