20 0.020001600000000508 6400
30 0.0003905000000088421 14400
50 0.005035499999991089 40000
100 0.0008209000000078959 160000
110 0.001065900000000397 193600
120 0.0011130000000036944 230400
140 0.0015666999999979225 313600
160 0.0018172000000049593 409600
180 0.017284699999990494 518400
200 0.004584399999998823 640000
500 0.02408760000000143 4000000
800 0.0847188999999986 10240000
1000 0.15593549999999823 16000000
1100 0.1324529000000041 19360000
1200 0.200858199999999 23040000
1300 0.21892400000000123 27040000
1500 0.4312783999999965 36000000
2000 0.6717122000000018 64000000
3000 2.744341900000009 144000000
4000 5.097030400000008 256000000
