20 0.010294499999998763 3200
30 0.0007304000000001309 7200
50 0.0016788999999999277 20000
100 0.04648369999999957 80000
110 0.0009280000000000399 96800
120 0.001319700000001589 115200
140 0.001765400000000028 156800
160 0.0020220999999995826 204800
180 0.00559549999999831 259200
200 0.016946200000001355 320000
500 0.031764500000001306 2000000
800 0.08815599999999968 5120000
1000 0.11837629999999955 8000000
1100 0.16335190000000033 9680000
1200 0.20318630000000049 11520000
1300 0.24380230000000047 13520000
1500 0.4252791999999985 18000000
2000 0.7736028000000008 32000000
3000 2.327217599999999 72000000
4000 5.383046100000001 128000000
