20 0.01174270000000277 3200
30 0.0003875999999998214 7200
50 0.001024700000002099 20000
100 0.003763500000001585 80000
110 0.0009168999999999983 96800
120 0.0008654999999997415 115200
140 0.013336900000002316 156800
160 0.0047496000000002425 204800
180 0.011618299999998527 259200
200 0.002359899999998305 320000
500 0.0382023000000018 2000000
800 0.10429210000000211 5120000
1000 0.12619510000000034 8000000
1100 0.1378591 9680000
1200 0.34763380000000055 11520000
1300 0.3658929999999998 13520000
1500 0.4990326999999972 18000000
2000 0.7255396999999988 32000000
3000 2.7686031 72000000
4000 5.102040800000001 128000000
