20 0.008486000000004879 3200
30 0.0003350000000068576 7200
50 0.0012643999999966127 20000
100 0.0007719000000037113 80000
110 0.0008105999999941105 96800
120 0.0008811999999949194 115200
140 0.0013095000000049595 156800
160 0.001967199999995728 204800
180 0.003855599999994297 259200
200 0.004763300000007575 320000
500 0.015926899999996635 2000000
800 0.04682640000000049 5120000
1000 0.09061690000000056 8000000
1100 0.10535380000000316 9680000
1200 0.12667969999999684 11520000
1300 0.38413839999999766 13520000
1500 0.36708079999999654 18000000
2000 0.880536499999991 32000000
3000 2.0574332000000055 72000000
4000 4.356459299999997 128000000
