20 0.0011071000000000275 6400
30 0.0004251000000000116 14400
50 0.0010329000000000033 40000
100 0.004353400000000007 160000
110 0.007715200000000033 193600
120 0.0013966000000000256 230400
140 0.0030966999999999523 313600
160 0.0016963999999999868 409600
180 0.0018606000000000456 518400
200 0.01106039999999997 640000
500 0.01786969999999999 4000000
800 0.10602120000000004 10240000
1000 0.1545856 16000000
1100 0.17195210000000005 19360000
1200 0.37127409999999994 23040000
1300 0.298111 27040000
1500 0.3375334000000001 36000000
2000 0.8476098000000001 64000000
3000 2.0824709999999995 144000000
4000 4.3271581999999995 256000000
