20 0.015364999999999185 6400
30 0.000267499999999643 14400
50 0.00041119999999850165 40000
100 0.0007513000000010095 160000
110 0.005029699999997916 193600
120 0.0012465999999982103 230400
140 0.0013693000000003508 313600
160 0.012303400000000408 409600
180 0.003524000000002303 518400
200 0.0026279999999978543 640000
500 0.021361299999998806 4000000
800 0.05916639999999873 10240000
1000 0.09216599999999886 16000000
1100 0.10854229999999987 19360000
1200 0.1417186000000008 23040000
1300 0.18510470000000012 27040000
1500 0.261632800000001 36000000
2000 0.6577230000000007 64000000
3000 1.9923608000000002 144000000
4000 5.1504999 256000000
