20 0.006083400000001404 3200
30 0.00028850000000346654 7200
50 0.0008966999999984182 20000
100 0.0008309000000039646 80000
110 0.0008587999999960516 96800
120 0.010120300000004079 115200
140 0.0013095999999990227 156800
160 0.0012781000000003928 204800
180 0.002290699999996093 259200
200 0.006559600000002774 320000
500 0.01748280000000335 2000000
800 0.050865299999998115 5120000
1000 0.09575110000000109 8000000
1100 0.11736259999999987 9680000
1200 0.1881910999999974 11520000
1300 0.1716206999999983 13520000
1500 0.2983486000000042 18000000
2000 0.8341773000000003 32000000
3000 2.797657000000001 72000000
4000 4.715007999999997 128000000
