20 0.006313800000000924 3200
30 0.0002841999999958489 7200
50 0.0005965000000003329 20000
100 0.0014538999999871294 80000
110 0.007699299999998743 96800
120 0.0014752000000015641 115200
140 0.0015472000000045227 156800
160 0.0022955999999965115 204800
180 0.0021540999999984933 259200
200 0.0037659000000047627 320000
500 0.016843600000001402 2000000
800 0.05563519999999755 5120000
1000 0.0939980999999932 8000000
1100 0.11035460000000796 9680000
1200 0.1509463000000011 11520000
1300 0.19592389999999682 13520000
1500 0.2588149000000044 18000000
2000 0.7262333000000041 32000000
3000 1.9351711000000051 72000000
4000 5.449276000000012 128000000
